100 100
34 43 41 27 87 23 95 3 73 8 79 54 68 78 24 88 82 33 36 58 82 32 43 63 34 58 27 27 53 28 32 21 86 46 54 97 65 63 70 59 30 26 96 88 2 41 43 77 16 96 42 33 35 80 38 24 76 23 92 15 96 81 10 33 3 77 25 30 60 80 22 79 99 9 88 49 52 21 47 59 38 19 39 65 74 84 35 17 58 94 99 32 44 57 50 8 72 18 5 100 
74 95 72 64 93 17 42 76 58 12 22 22 38 53 61 26 21 60 84 1 72 28 61 46 15 25 77 8 99 5 54 50 88 93 47 4 28 68 15 44 7 6 77 76 70 19 23 6 28 13 80 31 39 50 24 40 83 50 81 50 48 75 34 85 53 50 1 13 31 66 34 64 12 95 62 24 43 29 4 51 79 33 21 70 35 11 82 48 73 26 39 40 98 16 49 75 94 80 80 19 
75 10 19 34 53 49 80 91 51 54 88 88 51 1 4 41 35 85 26 48 73 30 21 87 69 13 17 93 40 78 14 39 11 45 83 65 98 46 58 23 42 1 7 66 25 72 46 39 71 28 99 32 94 80 31 14 34 60 39 6 29 56 41 96 12 3 99 22 37 78 89 22 32 63 82 53 55 15 88 41 37 90 7 84 97 9 2 17 27 32 38 95 42 28 31 54 74 97 3 52 
98 65 10 73 60 98 79 52 16 36 27 66 4 13 59 48 78 77 26 62 46 82 91 1 33 36 67 7 26 83 51 16 61 55 2 42 17 47 53 45 3 53 53 57 18 27 27 23 15 54 90 19 42 17 17 36 98 1 94 2 13 14 39 20 22 25 30 69 8 55 22 95 26 87 27 36 10 56 15 2 20 23 25 86 8 91 27 30 97 98 39 43 21 93 89 81 46 59 53 37 
13 75 79 43 39 9 21 83 55 74 47 42 63 95 9 1 44 24 91 27 71 44 15 35 79 92 63 36 97 14 73 17 39 8 20 12 28 7 99 24 15 6 4 67 8 17 89 84 18 2 74 18 1 20 5 92 72 45 92 55 65 23 32 65 73 34 2 33 75 69 87 27 98 6 30 79 54 70 60 30 34 73 30 1 92 43 62 73 19 98 39 19 34 28 39 38 53 55 60 4 
9 100 55 100 38 22 1 44 46 84 79 26 78 51 93 8 11 36 18 74 49 29 62 23 75 73 94 46 75 98 56 84 64 79 8 50 60 90 77 60 18 61 38 27 14 2 92 93 47 47 86 72 47 18 19 47 66 25 61 22 25 5 26 74 22 48 43 93 48 10 19 37 97 90 80 46 24 56 41 17 63 44 8 10 62 17 54 70 35 84 48 49 46 32 73 97 44 100 7 34 
10 7 92 24 85 98 69 8 62 75 50 17 71 67 86 27 52 5 13 56 93 78 59 71 65 44 100 35 23 20 28 94 22 67 51 15 91 58 40 52 14 64 17 62 74 34 62 87 56 51 11 36 63 28 13 25 69 35 4 60 39 100 78 95 57 85 10 42 61 2 43 4 19 35 25 79 44 5 22 100 11 37 13 71 34 83 93 72 96 79 97 47 93 63 20 30 47 100 66 16 
46 8 47 58 59 90 4 2 81 74 52 93 72 97 38 5 75 95 26 24 86 31 28 92 10 42 42 98 87 61 37 21 58 57 17 96 2 78 42 31 69 13 6 31 37 69 78 59 18 23 68 81 72 56 67 92 39 78 2 69 50 66 3 80 15 73 44 49 99 93 82 71 88 66 90 5 12 78 23 75 43 98 3 27 35 7 60 31 74 46 94 1 48 69 57 99 37 80 30 64 
42 90 40 8 63 41 60 30 32 15 67 87 2 16 54 30 51 58 89 14 46 19 39 27 16 16 27 88 23 52 15 17 9 47 5 88 49 66 44 66 8 47 59 89 9 83 85 10 58 91 39 97 95 50 17 62 97 55 60 28 74 1 61 10 37 95 98 56 55 15 65 91 97 38 21 73 98 36 55 16 28 5 40 62 75 57 5 36 85 60 93 12 45 37 63 57 70 48 61 54 
84 77 73 9 67 46 27 53 12 25 50 71 7 1 98 5 91 52 69 8 67 48 4 76 65 82 58 44 4 59 55 10 35 37 51 20 86 34 12 70 69 30 18 99 97 35 34 10 55 30 79 32 25 98 41 52 79 11 3 26 40 13 48 66 66 7 61 54 5 1 16 41 11 10 41 89 64 86 91 49 72 64 65 12 53 24 80 59 56 12 68 42 100 1 87 91 95 40 86 27 
20 37 66 69 59 2 98 68 37 90 52 63 53 61 4 80 58 47 50 54 51 14 24 15 34 85 76 60 87 49 75 56 73 93 41 98 83 56 66 95 47 25 82 59 48 82 74 32 49 40 39 42 44 64 31 83 41 52 47 8 38 41 75 40 31 71 90 39 19 37 67 41 75 100 17 52 46 100 57 28 52 25 87 34 25 60 91 52 60 29 79 93 47 82 62 67 58 89 83 38 
44 76 43 33 35 28 13 13 44 54 40 14 36 7 63 31 31 9 78 91 37 70 54 22 48 85 54 48 85 97 61 43 11 13 92 32 100 14 72 1 52 35 13 72 86 39 63 74 20 83 19 68 70 20 77 63 9 18 79 77 73 96 88 96 63 96 7 55 57 70 62 40 51 13 40 18 23 61 79 75 86 49 99 11 58 100 76 19 78 49 19 90 7 64 20 23 68 51 81 78 
2 58 26 1 11 84 43 61 61 64 2 5 47 42 45 70 42 56 64 91 91 33 23 44 66 77 53 94 30 92 19 64 16 37 44 63 3 24 86 24 66 91 18 4 51 93 71 86 53 59 35 86 64 50 11 69 41 87 5 50 62 39 93 76 96 3 34 21 85 20 59 51 59 93 63 64 84 15 74 8 66 14 54 15 83 93 6 50 63 86 6 54 59 65 13 57 44 80 21 99 
82 43 62 99 81 5 66 33 26 13 94 89 24 60 28 29 11 90 80 76 87 56 29 50 20 4 94 71 81 2 55 62 9 83 84 39 56 14 67 51 42 58 2 69 7 35 7 20 81 81 55 44 65 65 51 13 66 58 37 85 92 82 52 40 11 23 54 92 23 38 97 8 65 92 67 25 90 60 51 2 41 94 14 58 9 37 34 97 46 40 4 48 7 42 1 55 7 81 88 11 
46 60 49 67 20 16 93 95 28 33 23 89 83 8 19 3 17 10 85 53 25 66 63 67 80 67 85 86 3 46 10 66 82 96 100 34 75 61 55 61 39 64 5 67 61 45 62 89 88 67 53 95 98 82 83 13 5 6 50 32 3 6 85 40 19 14 64 5 8 31 82 64 58 1 52 39 24 72 87 45 1 54 5 74 46 83 31 44 73 16 47 6 3 56 41 54 100 87 97 78 
3 3 45 53 7 66 65 5 13 97 25 66 81 91 84 72 4 35 99 1 15 65 84 63 76 7 43 25 83 87 1 7 84 39 45 29 70 94 36 51 58 14 12 28 89 50 13 6 99 12 59 11 8 21 65 79 84 52 88 24 60 5 5 26 17 37 82 44 32 71 5 41 18 94 87 31 55 56 46 51 38 82 69 64 28 24 72 58 83 43 26 29 64 1 59 90 8 32 16 89 
55 18 79 13 70 3 34 100 13 53 98 39 56 17 2 44 83 55 59 69 35 99 49 3 67 50 79 97 27 75 51 74 33 60 17 50 21 17 16 62 94 13 69 71 90 18 20 9 65 27 34 21 55 41 47 39 50 69 99 15 18 82 67 74 18 42 55 83 53 6 27 96 78 3 3 69 14 96 88 37 26 1 70 66 7 46 70 21 68 17 85 38 75 95 85 87 21 88 84 66 
88 63 77 58 100 74 45 70 96 6 78 18 59 40 51 16 59 8 92 43 44 11 81 69 3 26 18 56 12 2 47 23 22 43 57 22 38 49 1 10 54 48 80 39 6 97 77 68 93 88 27 23 71 39 44 44 53 19 95 7 56 29 8 13 41 8 11 7 19 1 65 63 16 23 80 64 95 77 1 55 5 98 96 42 59 14 21 65 63 78 86 28 8 92 24 90 51 22 70 86 
6 97 71 86 37 76 19 84 91 90 24 25 90 97 30 85 31 72 13 19 23 47 68 49 45 42 4 75 51 80 55 28 91 42 63 90 51 75 80 46 28 67 62 73 36 83 20 49 80 14 71 28 19 13 23 46 60 73 81 81 45 56 79 58 62 4 7 84 57 8 26 76 47 64 14 50 70 54 67 48 44 43 65 75 4 33 6 24 24 90 75 2 66 96 56 90 85 51 13 70 
44 16 79 32 93 10 21 75 84 95 86 20 32 21 85 57 60 51 49 81 94 37 25 45 50 47 65 38 78 57 35 43 59 26 32 22 32 14 29 89 66 80 69 31 16 11 42 2 91 8 68 32 16 11 5 41 1 96 58 12 73 66 94 33 54 64 61 77 21 74 98 35 41 84 31 16 13 34 4 72 40 81 13 14 60 8 90 48 79 63 37 57 63 13 14 30 21 97 36 96 
38 60 49 35 31 88 79 49 27 61 63 24 81 87 2 82 31 84 45 69 99 7 76 30 48 83 49 87 84 78 100 90 89 40 71 84 12 79 38 53 56 63 82 82 53 39 5 90 91 63 38 55 73 3 32 63 100 1 52 72 11 14 38 30 74 36 73 63 25 11 100 37 99 11 35 76 19 73 97 44 14 27 23 36 100 94 35 52 96 70 37 55 47 50 12 71 43 16 7 35 
35 10 66 29 77 44 99 70 52 61 61 43 40 75 70 17 47 95 18 38 42 33 7 35 72 68 7 78 34 78 47 14 16 3 26 86 15 75 26 82 84 84 82 28 13 67 19 57 75 65 6 92 25 59 64 47 39 98 23 17 93 25 32 86 60 22 78 45 17 61 51 42 98 78 97 25 6 82 57 39 74 90 54 43 66 30 86 48 63 30 46 34 78 84 54 55 98 52 74 33 
86 95 4 65 84 70 90 94 35 4 22 94 12 1 21 50 2 3 94 20 90 83 47 78 16 41 99 61 40 51 83 8 32 71 67 13 65 99 94 100 89 25 44 68 50 32 23 28 94 88 97 42 93 58 6 36 88 96 80 44 64 41 21 15 96 98 68 54 76 49 32 81 5 49 35 14 61 77 74 6 6 99 97 60 54 12 68 94 79 23 30 47 10 6 48 27 35 62 69 28 
45 40 92 6 83 56 95 1 25 7 45 90 17 17 34 50 99 67 40 12 16 44 7 3 64 54 15 23 74 2 19 96 44 51 75 38 51 93 54 88 6 64 2 18 9 52 6 19 69 68 80 34 20 1 65 3 93 20 51 89 17 10 35 87 44 50 14 66 8 34 11 73 67 62 22 42 94 91 14 70 51 24 89 13 28 5 67 94 49 42 77 94 80 10 61 20 74 17 87 52 
72 24 19 28 80 43 5 74 9 89 1 17 47 79 2 45 46 59 72 90 52 64 50 82 33 93 25 48 90 54 72 49 96 63 12 38 8 27 28 55 9 48 67 63 9 53 59 78 56 6 6 73 42 64 85 10 90 52 66 52 57 33 16 81 26 53 43 92 57 62 26 47 97 40 70 77 16 8 13 19 89 89 86 19 23 99 27 29 46 30 81 36 51 45 68 7 97 91 69 56 
3 55 7 31 73 30 99 60 9 35 27 45 41 74 35 63 7 36 30 9 80 68 24 25 88 15 45 40 80 62 65 100 84 40 94 81 86 59 72 91 63 69 21 30 6 57 35 93 76 3 25 92 91 30 11 72 48 46 16 75 75 12 54 94 40 53 25 28 61 26 5 23 24 5 87 65 61 56 9 79 24 72 34 80 19 70 54 49 59 80 1 14 74 60 16 64 65 83 5 73 
45 25 15 98 84 84 95 49 39 58 21 4 79 47 76 15 62 41 14 47 93 48 98 85 9 68 12 70 20 9 47 58 55 73 48 27 96 55 22 99 41 96 71 91 1 31 74 21 57 83 48 94 12 86 60 62 87 53 87 36 58 8 45 51 52 86 62 54 72 81 41 76 70 50 42 90 54 66 11 4 86 12 79 68 92 72 73 36 76 29 63 36 73 71 25 97 14 55 40 39 
81 12 69 29 16 18 65 88 29 58 14 45 14 55 29 97 32 88 94 9 74 39 34 64 4 3 54 58 89 47 55 61 36 78 40 58 14 6 7 2 18 53 94 78 43 29 44 40 10 4 43 22 56 22 73 46 15 57 9 77 29 62 24 79 15 63 7 57 16 14 76 53 69 45 91 25 38 12 72 29 93 97 6 17 99 41 69 46 10 4 80 53 27 38 41 12 12 85 23 94 
50 31 29 30 43 58 96 42 64 72 98 36 54 1 72 55 69 15 2 57 27 62 47 17 91 34 65 21 89 79 76 64 24 92 30 98 45 87 39 60 66 21 55 74 30 64 53 12 100 18 28 92 50 60 53 66 18 92 75 55 33 25 20 85 42 87 67 68 94 78 38 22 69 78 29 75 62 58 46 50 81 70 21 1 59 20 12 97 8 70 32 64 24 11 34 88 12 52 72 72 
9 56 29 1 22 45 37 70 76 21 29 66 23 3 2 65 73 91 22 40 36 45 5 40 33 41 19 89 5 95 97 4 41 9 88 92 17 86 85 98 82 83 69 83 19 70 90 76 87 72 56 62 71 1 16 37 17 3 35 99 54 87 52 15 12 41 85 54 40 47 72 55 71 44 56 38 92 20 59 87 55 62 63 66 38 32 46 80 61 77 25 46 60 52 96 2 11 25 48 72 
23 96 2 50 32 95 24 37 2 35 86 69 75 68 66 22 25 61 57 27 52 85 67 77 24 92 88 12 57 97 18 82 4 70 52 4 66 37 48 45 5 38 40 75 28 90 94 36 52 97 15 46 66 73 97 89 67 78 22 18 73 25 94 38 77 61 17 41 10 46 45 23 11 46 87 43 64 64 99 15 94 10 5 44 35 8 64 31 55 76 43 34 5 46 20 19 64 5 77 100 
13 31 35 43 58 84 99 97 63 31 32 63 6 81 48 10 75 11 51 99 43 59 67 42 4 10 19 14 47 31 72 83 37 9 21 58 3 52 21 39 1 99 50 99 58 18 65 42 49 37 90 63 55 80 63 79 82 13 71 14 4 44 57 94 71 16 57 23 33 28 8 81 54 96 41 63 56 21 71 80 7 2 97 46 71 34 20 56 37 53 37 37 35 5 2 20 68 79 96 51 
34 87 63 57 86 75 33 46 82 85 55 53 72 54 22 14 10 3 100 75 13 27 79 25 79 10 57 24 5 45 81 24 55 51 59 55 96 27 41 87 10 87 26 89 81 71 51 95 84 15 96 12 25 100 56 70 43 39 84 59 65 2 69 41 8 62 19 55 48 16 49 39 33 43 63 52 40 57 30 80 84 80 6 93 77 36 32 66 12 82 100 72 98 59 56 29 31 17 72 52 
43 69 37 38 2 32 97 8 18 54 63 42 85 87 29 28 27 43 36 15 88 32 20 49 28 79 30 6 82 60 16 97 15 74 58 71 91 32 64 15 7 25 84 72 30 16 22 91 34 79 25 73 55 70 69 89 3 44 94 90 63 25 50 75 12 41 71 65 85 66 80 52 84 86 11 8 78 73 34 61 92 99 62 37 89 99 18 79 84 84 13 98 62 18 17 22 20 14 50 71 
75 68 63 88 9 39 42 88 64 97 44 72 31 54 56 68 37 70 64 48 86 91 99 30 75 61 2 86 16 73 54 32 37 85 34 59 63 20 32 88 26 12 6 11 23 71 56 6 32 65 26 99 29 75 52 83 53 68 68 25 3 90 87 18 28 7 86 76 88 71 34 21 88 90 16 69 43 68 31 10 58 70 28 98 51 68 2 31 16 67 100 94 72 9 95 65 51 96 16 79 
52 80 23 47 17 47 88 11 28 95 25 16 21 13 80 45 77 59 89 30 99 37 41 82 33 90 97 46 21 28 15 44 69 63 57 52 25 53 87 44 96 49 98 45 49 76 79 36 75 30 98 73 5 79 28 47 49 34 9 7 93 96 46 13 11 63 69 35 47 24 98 46 75 43 19 17 56 64 15 70 21 82 70 37 16 56 90 59 41 51 14 55 53 99 31 3 98 24 38 62 
26 19 33 12 79 22 6 61 8 95 93 38 14 95 83 38 64 53 28 8 38 22 79 35 60 87 88 72 80 89 80 51 17 23 77 10 16 16 14 67 63 1 73 71 34 67 68 19 9 88 15 77 61 34 83 42 47 70 52 71 33 57 33 38 56 61 70 11 49 37 9 60 84 21 80 61 5 78 78 52 36 5 72 99 12 55 29 48 67 45 65 7 96 27 74 1 43 5 42 29 
98 73 28 61 83 7 11 52 8 54 46 27 74 15 87 60 8 78 2 98 49 80 20 12 32 78 35 10 23 51 30 62 4 29 55 56 26 6 25 92 56 16 82 49 64 52 38 37 56 32 83 94 78 48 38 52 33 97 12 89 72 14 3 34 58 78 68 10 89 30 33 71 13 21 72 99 78 70 90 100 84 14 43 10 39 2 81 30 80 17 59 50 57 6 4 12 92 73 7 9 
1 53 42 70 89 32 91 78 91 83 44 26 5 71 11 98 82 13 61 50 66 91 47 26 80 88 29 66 49 83 95 24 58 52 30 36 38 89 13 6 100 71 2 41 32 67 93 39 25 32 25 87 30 60 58 48 17 47 67 2 61 90 42 39 54 15 17 74 55 4 84 76 8 54 91 70 21 81 12 5 83 82 12 75 14 90 94 71 35 25 5 43 2 20 37 32 9 15 47 23 
38 97 61 46 14 18 83 66 31 22 6 79 26 74 18 100 30 91 24 26 61 64 56 73 13 32 14 16 13 79 67 3 89 33 81 19 30 12 78 72 76 16 92 50 12 40 77 64 45 49 61 99 31 70 30 30 44 69 18 85 43 67 67 70 57 15 87 98 82 9 63 84 33 39 73 49 73 23 50 7 14 58 6 55 58 50 25 34 55 56 56 78 17 56 55 59 62 86 97 28 
23 62 12 44 22 60 10 64 69 57 99 11 29 5 95 100 81 76 86 14 83 20 16 44 4 50 4 59 32 45 18 81 44 37 2 2 10 14 6 60 29 86 41 87 61 9 5 67 27 52 1 87 11 38 54 65 97 12 57 36 80 54 99 62 36 46 31 45 14 96 63 54 59 3 63 72 40 64 40 82 33 96 90 54 45 63 62 14 17 16 56 26 68 30 93 67 49 62 74 63 
41 32 23 64 1 10 1 84 77 35 42 81 83 94 50 25 52 71 28 1 38 96 81 6 64 89 52 72 74 27 10 77 80 39 31 12 68 15 100 91 97 97 16 26 35 87 89 61 23 32 46 85 2 17 56 21 39 9 2 16 93 68 29 46 39 17 88 10 31 82 84 35 68 4 33 93 22 87 10 85 82 73 78 34 3 63 82 62 62 77 37 29 49 99 85 31 14 73 68 78 
76 85 1 67 78 97 31 46 46 83 33 92 53 35 19 24 19 95 33 12 66 99 68 58 53 82 68 23 5 59 21 12 69 51 46 53 61 39 22 8 73 88 29 23 50 42 41 10 44 31 42 8 79 23 39 6 57 13 90 28 46 13 54 11 53 3 20 33 26 71 60 67 23 28 32 2 49 48 61 27 31 68 18 66 1 13 2 10 100 93 2 32 86 3 19 54 76 50 5 36 
49 74 7 80 52 59 2 59 61 30 97 17 29 9 4 68 9 23 92 31 24 79 57 54 90 99 10 62 12 63 29 67 58 32 100 91 87 95 62 25 6 24 12 84 85 61 33 23 69 69 78 87 42 52 65 24 82 30 81 56 45 3 92 55 50 51 42 17 93 82 61 51 32 90 77 52 15 96 74 80 87 65 25 13 62 37 36 45 20 3 5 18 2 96 32 76 89 29 67 68 
44 50 56 37 64 50 52 26 92 30 63 78 51 57 15 86 94 75 51 94 83 97 93 56 92 13 8 74 52 52 57 6 98 36 7 18 23 51 53 8 85 41 60 26 52 76 97 90 45 11 97 58 1 65 31 27 86 17 14 15 4 43 69 34 34 22 54 39 72 12 30 14 70 16 92 6 8 50 85 48 47 48 85 11 58 77 73 28 75 68 47 25 80 54 96 92 90 40 69 4 
21 38 57 56 34 34 96 54 63 4 43 40 89 78 67 79 83 83 60 53 47 58 13 12 30 23 7 6 2 77 65 78 10 2 84 95 80 93 74 27 38 100 78 70 48 67 98 14 98 10 16 48 68 12 38 2 82 63 69 41 1 53 49 32 78 89 85 24 22 65 55 96 63 20 59 82 36 5 48 95 64 36 84 28 38 70 31 48 50 20 24 5 36 20 67 67 68 39 92 44 
18 88 11 51 99 49 48 93 15 80 29 68 41 95 33 32 66 69 32 26 3 90 97 38 91 40 43 59 16 91 48 21 60 28 4 92 37 9 56 50 75 55 24 67 28 3 26 100 17 1 54 84 58 12 91 69 10 30 58 89 73 99 71 90 6 39 71 69 27 18 44 33 80 6 5 66 49 62 44 31 23 27 40 88 11 9 34 60 7 50 71 25 5 16 75 17 38 41 91 98 
93 72 79 67 47 71 47 97 74 44 40 79 59 38 38 14 94 95 80 72 98 11 25 94 28 69 34 1 55 29 100 41 95 69 88 97 29 48 28 49 91 35 5 15 17 37 53 75 58 34 13 52 72 66 21 2 67 8 43 25 98 100 27 50 95 54 88 12 45 93 70 6 77 48 73 30 100 35 47 70 20 95 85 54 51 54 38 78 42 46 79 1 61 96 33 53 40 64 37 69 
35 40 85 84 34 59 52 44 35 11 69 43 11 5 96 64 53 11 89 15 78 36 6 41 25 89 93 32 69 6 12 85 20 18 49 49 31 13 81 32 85 74 73 14 66 4 31 58 46 6 31 64 88 98 26 85 58 13 66 71 34 81 100 97 87 42 93 57 74 84 84 21 9 38 73 41 80 74 51 28 4 29 47 30 71 96 100 89 53 61 81 66 8 93 38 24 29 90 50 24 
49 82 53 67 41 1 58 43 14 70 20 95 37 49 6 73 62 60 23 42 72 41 77 6 50 50 83 99 27 7 55 52 77 63 96 22 56 59 87 64 4 82 17 33 5 67 87 17 49 41 63 92 20 54 45 9 83 83 32 90 31 69 49 25 66 47 37 25 62 14 99 17 16 94 9 88 46 79 9 20 31 48 18 44 69 50 98 14 34 95 27 28 27 1 48 6 50 67 32 8 
37 50 59 34 100 70 73 71 49 87 76 25 34 65 65 18 54 10 52 3 30 46 20 27 10 34 57 23 7 47 13 98 37 56 26 7 54 34 55 16 83 35 35 33 67 45 91 76 62 53 71 24 99 77 2 44 36 14 48 67 72 89 12 82 44 73 64 8 96 5 40 80 49 5 80 65 7 56 60 74 38 29 68 71 58 6 32 26 34 9 61 20 40 52 43 100 36 47 6 11 
12 8 79 88 77 34 14 66 18 70 40 12 12 28 21 70 57 40 57 56 65 32 76 48 85 72 6 27 9 55 45 32 12 72 9 8 96 6 53 17 1 8 85 58 25 91 56 28 18 86 56 22 82 96 27 70 66 96 22 76 63 34 55 56 95 28 23 17 43 76 70 100 31 49 11 13 3 88 48 55 68 67 80 73 99 6 25 41 65 36 66 8 67 3 83 65 100 77 56 94 
24 17 90 7 25 67 84 50 76 5 36 35 39 84 84 9 63 59 86 70 57 34 8 81 90 72 69 75 97 4 70 30 32 89 2 14 78 67 79 97 13 23 73 8 92 10 92 88 33 41 27 88 58 84 86 32 8 3 94 38 23 75 2 99 82 88 80 34 99 72 62 13 86 33 93 72 44 86 72 12 33 32 91 53 50 93 67 49 80 92 69 81 11 65 69 43 84 30 82 86 
28 83 14 87 2 53 86 85 76 33 84 8 55 56 64 75 80 61 53 61 90 37 40 91 54 16 86 28 5 16 27 81 4 92 89 7 81 93 24 1 67 67 2 69 27 86 75 12 21 58 100 10 37 30 90 61 76 100 96 52 68 47 45 82 17 59 16 97 5 89 65 62 57 78 16 3 63 77 84 43 95 94 59 32 76 89 3 86 74 71 72 7 8 55 8 36 35 34 7 35 
35 47 67 88 6 47 89 89 39 69 58 80 94 85 89 40 40 48 5 1 100 33 27 22 57 18 16 67 86 40 11 23 39 7 55 53 90 88 59 64 17 86 61 96 46 35 5 29 93 46 7 88 77 42 60 61 100 43 88 88 35 13 21 72 54 71 89 31 50 71 32 87 54 12 4 57 74 26 73 29 64 61 39 57 73 53 77 2 24 99 47 72 77 97 32 40 26 29 67 62 
80 79 97 55 82 52 95 67 47 31 34 36 28 85 98 80 8 28 30 86 55 24 28 58 46 17 34 15 18 12 90 34 41 24 78 73 24 93 33 28 35 30 2 98 43 51 42 66 6 82 39 47 53 60 10 98 79 76 4 48 36 31 19 2 28 29 53 5 42 14 85 83 66 40 88 91 14 70 91 12 30 26 45 10 98 79 60 77 97 83 37 87 34 100 43 59 95 35 11 14 
46 39 90 20 55 62 15 53 96 29 39 42 60 7 11 31 21 62 32 74 18 22 58 32 43 91 77 6 54 63 53 86 66 35 4 79 40 90 7 49 34 10 88 96 98 36 81 33 24 32 16 30 86 54 82 47 17 91 41 39 26 9 7 24 15 86 19 2 21 78 48 1 96 41 84 82 2 49 70 37 39 36 99 76 40 29 10 57 28 20 83 77 2 82 14 10 45 56 47 80 
41 80 48 5 87 51 89 71 42 59 78 53 49 2 56 34 91 36 24 43 58 96 27 87 53 17 79 67 61 42 63 56 77 67 56 9 52 57 41 37 51 76 79 28 79 70 5 74 35 7 4 90 74 53 99 78 77 61 99 77 3 76 45 80 69 10 48 15 64 42 20 35 39 91 53 20 85 61 60 71 80 64 43 61 49 90 23 61 72 26 36 91 64 46 8 70 52 98 8 83 
74 14 29 2 3 17 66 6 10 67 32 48 100 33 16 4 29 15 22 57 67 43 100 48 34 81 93 30 22 45 98 70 76 87 33 19 47 55 67 28 74 23 74 57 80 88 67 3 91 80 27 56 29 88 62 39 78 84 48 93 64 74 91 28 70 78 6 15 60 79 75 50 100 3 82 76 100 92 54 13 95 25 41 52 72 65 81 32 23 88 62 4 14 62 70 59 8 58 84 9 
83 66 50 92 97 46 41 34 76 20 4 17 83 31 6 26 99 81 8 84 28 21 66 10 69 39 16 16 13 2 21 63 13 93 86 21 76 22 55 94 73 29 35 49 59 30 69 19 48 35 38 58 66 95 99 48 59 44 67 38 66 12 65 86 62 38 15 39 66 75 59 40 34 97 41 20 54 60 41 57 89 95 30 93 91 63 21 69 56 77 78 12 64 1 79 45 82 39 52 26 
71 47 92 11 10 68 74 97 5 34 52 41 15 80 7 19 81 15 79 69 89 9 47 56 32 72 66 15 71 23 51 14 68 51 44 38 9 18 21 38 98 68 93 75 77 92 8 87 4 16 59 14 83 22 94 26 77 50 58 11 68 68 87 6 51 51 9 13 20 100 15 69 9 37 42 41 43 51 5 43 23 49 83 78 7 96 75 48 75 97 6 81 76 86 24 8 13 20 54 27 
81 71 77 66 51 40 95 16 22 39 91 45 18 49 19 91 52 79 55 97 99 29 70 62 12 57 42 89 99 16 31 97 68 39 11 13 90 89 23 67 43 90 100 10 36 43 89 25 99 97 68 22 2 38 11 42 43 14 62 62 34 32 70 56 72 16 47 46 3 91 89 87 31 51 39 94 44 13 70 92 43 51 70 77 16 27 41 26 96 65 43 37 57 27 99 75 68 85 18 67 
20 99 10 71 28 15 57 49 9 49 42 35 73 88 85 64 93 72 56 24 88 89 3 59 67 24 83 28 19 72 15 84 60 51 56 54 52 59 34 1 6 70 98 4 33 45 71 69 54 25 37 14 11 14 35 32 54 89 97 82 97 32 37 10 74 95 39 68 49 79 98 12 48 1 69 50 42 17 49 25 95 18 97 85 72 23 32 30 28 16 45 78 11 41 29 62 72 33 97 49 
35 91 9 50 63 82 53 72 100 63 64 30 46 1 89 66 60 36 72 32 5 19 41 9 51 30 7 43 8 24 99 20 1 30 62 57 58 44 7 63 34 61 65 14 51 80 33 80 28 66 99 95 82 25 78 34 40 87 17 13 29 92 88 52 69 30 46 22 62 26 99 2 6 44 38 26 13 17 42 52 11 42 86 64 1 47 80 32 51 3 46 7 43 11 27 25 68 50 95 14 
7 59 26 60 52 4 71 49 42 99 54 59 52 14 20 1 2 12 6 61 47 83 73 55 71 95 70 67 15 91 12 24 21 97 100 44 4 35 40 11 7 22 42 96 56 17 12 32 57 73 94 88 11 97 58 51 95 74 3 30 47 41 74 57 37 81 66 41 51 53 25 64 54 82 16 30 60 56 15 60 96 21 47 13 43 19 80 52 11 58 32 42 23 28 44 61 7 34 30 65 
38 42 41 79 73 10 2 43 83 12 64 60 6 89 90 52 87 76 38 33 41 71 7 82 66 61 4 40 85 31 75 68 27 67 90 12 40 3 8 90 6 96 12 4 34 33 50 11 82 32 41 96 52 63 61 37 33 41 95 55 44 46 63 87 84 9 47 92 41 17 27 52 49 8 47 60 50 38 66 92 94 27 74 84 56 4 23 41 30 39 90 90 31 88 52 10 98 71 96 31 
69 48 87 25 82 18 66 47 98 3 36 95 45 45 34 27 80 29 57 66 1 51 82 66 46 49 77 89 69 40 68 83 30 40 97 29 84 51 6 98 42 44 88 33 41 94 26 83 31 18 64 40 16 15 20 59 81 81 54 6 47 36 85 32 48 13 56 21 26 72 58 68 54 98 93 23 16 62 100 33 43 95 82 59 2 24 73 99 6 28 73 98 94 88 14 33 73 79 37 78 
35 95 56 18 36 36 42 46 61 33 58 83 89 22 95 96 22 15 70 13 43 34 25 97 10 6 65 25 10 47 27 15 81 93 34 62 61 49 2 6 84 38 79 22 24 23 30 31 52 65 77 67 84 90 81 99 33 18 50 28 26 60 73 70 40 18 90 38 92 42 100 59 85 70 74 58 22 44 14 40 56 99 33 80 63 77 97 71 93 79 6 12 9 57 28 35 74 46 32 44 
31 43 28 75 20 22 38 71 29 92 36 68 97 71 8 99 66 53 11 100 35 10 67 62 68 13 27 86 45 72 41 42 88 1 61 41 93 14 31 67 23 48 77 91 96 57 40 87 33 78 7 12 72 82 37 89 64 100 93 68 46 30 16 17 4 89 63 30 95 39 91 17 44 23 62 28 1 21 18 73 6 92 36 90 69 32 53 52 88 48 78 70 85 85 25 40 83 50 19 59 
47 17 18 51 49 100 84 95 50 67 20 20 21 7 77 74 96 55 92 2 79 50 16 78 70 68 9 32 69 89 43 17 60 58 65 96 97 59 28 87 54 17 59 81 14 83 85 97 38 68 9 60 37 89 36 28 75 52 42 57 27 81 59 85 97 27 17 29 35 69 90 22 77 83 16 69 63 19 22 74 44 68 28 64 60 63 53 30 44 33 68 91 41 90 96 1 91 27 31 49 
54 40 30 23 83 87 98 67 44 37 90 24 24 98 49 90 78 7 3 30 14 61 27 36 28 81 5 32 48 54 77 17 47 51 84 4 90 11 64 20 100 39 48 37 52 84 91 22 96 25 99 49 59 98 29 82 29 18 87 84 26 48 19 86 56 52 29 59 82 15 54 68 62 24 52 22 90 45 57 15 76 71 78 9 8 45 47 57 25 30 92 39 19 74 38 88 42 97 79 2 
2 57 14 35 80 86 96 90 63 48 33 87 75 97 77 43 90 51 74 65 66 30 82 38 5 91 44 54 76 79 75 27 65 49 51 84 45 60 24 59 23 86 82 16 57 10 11 29 75 14 46 38 50 46 91 99 89 25 81 81 32 44 92 76 6 66 68 73 78 24 67 72 46 60 54 65 74 84 8 22 92 32 41 2 69 28 91 2 23 3 67 15 71 6 78 52 74 42 60 58 
56 20 17 41 61 62 58 81 58 54 55 59 99 46 31 67 85 81 15 45 76 91 37 63 34 95 80 16 81 26 76 10 55 3 89 24 43 52 39 14 52 15 99 95 73 20 50 24 75 63 53 90 71 7 7 58 90 34 93 68 77 81 82 82 80 3 88 22 29 94 88 90 34 74 7 39 38 55 91 73 93 45 42 8 36 29 25 41 78 23 52 66 78 73 50 33 2 51 6 20 
21 74 24 60 20 68 98 45 16 98 9 80 33 98 18 63 24 31 14 59 74 90 89 92 94 35 86 59 5 46 84 28 51 45 39 71 51 36 17 12 59 70 11 75 51 100 43 22 38 82 47 93 41 90 5 98 75 52 47 34 90 45 77 87 74 99 29 23 77 42 41 97 17 18 77 35 72 53 77 95 25 27 22 75 6 5 70 80 71 68 42 46 20 4 65 49 82 2 3 31 
70 55 20 92 63 83 77 53 41 52 45 79 56 53 49 34 75 35 49 86 12 8 77 6 11 19 40 48 42 55 38 99 14 9 10 91 44 3 37 87 71 31 46 52 72 88 89 51 84 20 6 34 21 2 82 33 86 56 49 63 91 74 62 4 62 80 72 98 26 52 12 40 42 1 46 93 77 58 32 3 67 10 60 45 47 96 55 8 49 10 5 58 60 36 36 64 97 81 91 37 
9 6 78 67 89 46 98 1 22 64 56 34 33 40 83 34 68 38 41 57 10 21 43 12 77 49 61 69 100 33 72 64 84 12 19 1 40 74 77 54 28 57 81 55 56 57 21 27 61 90 80 81 50 15 20 84 87 61 36 51 4 32 15 2 87 13 96 13 44 83 66 66 27 74 27 96 66 87 54 60 29 34 79 95 47 62 62 78 11 35 46 72 31 61 43 14 10 62 19 75 
23 53 95 42 94 31 72 14 99 35 38 15 60 31 79 75 74 1 86 7 19 36 6 42 83 42 42 13 48 56 98 17 42 72 72 38 53 13 41 27 15 100 42 15 47 74 16 59 93 93 66 32 67 44 39 37 27 11 27 33 74 67 5 77 60 79 90 45 22 48 3 77 13 58 5 92 21 88 42 43 97 94 92 29 63 51 47 3 37 41 89 39 46 72 39 55 45 46 49 57 
73 37 57 1 43 43 9 38 46 51 30 84 16 14 72 59 88 81 62 14 35 76 19 40 43 88 29 98 67 46 42 29 79 92 29 61 1 83 34 31 52 43 72 44 87 70 14 56 5 66 10 64 74 78 92 19 26 37 21 28 50 80 32 74 68 23 93 17 59 40 31 67 53 79 14 86 90 93 28 1 19 82 81 70 65 6 35 48 20 36 42 75 58 47 88 100 96 20 56 84 
67 30 71 42 73 57 9 68 83 21 80 80 45 62 3 94 6 3 79 54 58 48 98 91 12 40 93 6 76 34 22 46 49 41 28 77 18 69 56 3 84 7 69 66 15 50 77 79 17 49 24 56 68 7 28 43 99 26 41 16 36 42 72 46 28 85 2 80 20 77 50 4 30 33 88 8 2 47 78 44 67 55 52 89 10 80 59 90 72 72 17 79 2 39 42 35 34 67 25 48 
56 59 70 97 39 20 92 66 15 54 97 70 71 51 14 59 30 30 9 99 46 38 76 65 37 41 14 50 87 93 56 58 37 53 63 8 56 78 78 34 68 84 88 61 74 90 62 13 23 51 2 62 13 15 8 92 21 7 31 68 73 80 87 41 40 51 2 88 75 43 7 47 88 10 23 38 33 77 61 4 20 84 42 59 83 35 81 9 37 59 4 18 96 82 81 12 55 96 38 22 
39 80 44 26 69 81 39 61 78 65 91 10 6 5 80 90 18 24 37 71 49 10 1 39 80 28 34 18 74 67 16 62 50 32 58 10 14 9 43 16 27 53 29 32 24 32 47 96 4 39 47 5 39 76 78 52 30 65 67 77 45 27 82 30 57 82 96 67 85 24 2 62 67 2 84 95 48 21 92 63 48 58 77 94 87 8 3 62 94 12 61 95 97 78 30 12 81 60 54 35 
17 94 68 100 73 38 96 58 26 88 6 89 65 17 86 75 31 43 87 8 1 77 56 28 85 32 3 100 47 65 26 32 9 69 9 94 26 49 74 48 6 91 3 93 2 66 4 26 68 81 21 57 92 86 30 23 28 94 49 39 84 10 93 96 12 6 14 9 61 43 51 74 23 30 31 20 78 92 75 89 27 26 13 76 20 87 69 36 91 86 89 16 95 71 85 72 93 89 15 23 
94 56 12 75 79 71 40 26 79 69 93 97 57 91 76 83 33 41 18 62 98 2 4 14 93 19 42 84 88 32 90 73 99 97 62 38 13 98 36 28 11 14 39 45 87 85 69 35 29 47 6 8 7 31 26 66 60 72 94 45 24 12 82 57 60 1 35 39 32 61 39 75 55 69 20 93 97 46 22 19 23 76 75 46 71 91 27 21 68 98 44 46 66 56 55 2 50 26 15 81 
29 30 89 14 30 86 41 98 40 57 84 62 30 63 17 52 25 81 20 88 25 11 55 47 44 97 72 90 89 31 40 50 78 17 96 92 78 8 48 86 49 22 98 58 70 1 50 41 64 74 30 98 21 42 67 87 37 49 83 14 30 74 80 77 97 80 77 85 14 35 41 19 50 84 92 97 82 71 29 15 29 95 39 8 79 6 63 88 9 83 3 44 21 54 95 69 80 49 82 72 
38 60 82 66 66 39 92 11 96 42 26 42 18 15 8 22 54 94 82 72 8 5 65 21 23 70 39 77 63 93 24 71 34 52 7 69 57 7 66 82 100 10 91 97 99 55 36 88 1 90 32 18 1 79 55 89 11 60 80 42 51 35 25 67 3 4 66 20 61 6 63 85 25 46 40 81 50 35 1 29 37 67 7 18 47 79 20 86 30 50 13 14 94 73 44 92 23 62 84 98 
26 5 65 31 64 38 70 8 32 54 98 98 89 16 36 10 47 53 68 63 93 54 61 39 69 60 77 69 38 6 14 31 18 36 73 79 24 28 70 38 53 90 35 73 32 92 21 9 5 84 80 70 43 100 9 22 81 80 66 23 34 90 23 75 78 100 77 17 84 58 12 28 15 60 42 96 52 15 16 35 13 14 54 35 63 8 65 63 95 36 24 8 89 32 70 99 36 77 29 48 
37 26 83 5 24 7 49 67 71 81 53 52 82 66 89 76 32 67 69 94 44 39 17 92 84 100 61 22 50 53 44 19 75 18 27 32 72 36 90 47 31 31 49 61 89 9 20 91 83 18 100 36 3 41 12 65 28 8 73 94 51 69 37 87 73 25 63 7 12 21 35 67 22 27 87 17 84 70 65 63 47 22 47 23 70 91 82 58 90 85 25 22 19 4 69 1 24 49 80 14 
83 7 52 20 4 78 55 62 27 41 94 14 20 61 62 15 76 54 57 96 97 54 29 10 99 42 57 96 24 49 28 66 71 34 35 40 47 12 14 88 85 62 45 81 95 72 55 47 40 86 89 25 66 7 93 80 97 93 30 91 96 25 15 9 53 72 52 9 68 71 57 84 65 25 99 54 31 32 14 75 5 97 45 28 91 13 68 36 38 59 61 43 4 77 49 35 97 4 70 3 
77 10 52 68 28 4 63 35 55 7 49 57 61 11 86 6 46 1 78 66 84 53 91 18 45 83 25 24 52 86 76 63 99 43 35 2 65 57 77 89 100 29 1 25 97 62 19 40 28 46 28 20 13 60 80 81 7 100 28 7 82 50 20 34 39 92 84 30 46 28 21 95 39 43 84 5 31 9 88 39 14 79 39 37 7 19 27 94 88 93 86 40 64 93 94 76 87 80 81 67 
29 44 4 59 47 79 85 97 56 46 87 94 19 99 40 24 2 61 57 30 62 42 2 55 85 9 85 47 36 76 89 31 74 44 87 21 20 70 6 60 42 73 41 3 89 82 100 49 77 42 16 15 84 84 24 97 4 68 25 72 23 84 75 61 15 63 17 49 46 57 98 31 81 28 26 49 97 2 34 1 73 68 8 68 30 86 63 3 97 75 49 63 5 63 93 21 85 100 50 39 
77 10 9 17 50 84 60 70 83 6 41 2 74 100 43 23 77 19 61 57 59 63 91 65 25 80 12 35 56 54 54 94 48 27 69 94 12 5 30 1 57 68 66 66 57 65 47 9 56 9 68 86 67 94 47 75 88 84 6 24 25 3 48 72 7 34 3 25 23 78 21 23 72 13 70 24 42 32 35 89 95 64 31 51 28 74 70 42 25 11 82 79 79 69 21 94 92 39 68 67 
36 26 71 4 87 41 29 7 2 50 99 90 9 39 38 6 76 51 37 89 28 32 8 39 68 18 54 14 37 24 92 38 24 56 1 83 55 26 46 48 82 99 59 85 87 54 89 21 2 91 89 70 83 89 100 31 5 73 71 31 33 16 34 19 11 88 71 45 9 46 15 42 39 100 45 79 9 2 14 90 57 48 76 36 27 28 96 55 57 15 20 66 38 79 10 23 56 63 12 39 
47 24 16 14 100 17 31 73 35 45 76 10 23 99 49 27 38 30 25 61 88 60 10 93 53 97 51 15 98 5 35 76 60 18 76 40 86 43 68 99 47 37 23 83 96 24 9 57 93 81 72 100 28 16 62 43 44 5 34 21 96 82 35 86 84 16 83 13 66 27 34 16 72 16 83 10 89 54 50 42 74 100 76 49 17 99 80 56 46 33 67 99 16 78 67 18 38 62 80 84 
9 34 59 44 59 92 52 99 69 73 54 6 97 58 56 44 75 15 77 50 29 15 48 62 51 69 11 77 4 33 89 6 44 8 59 73 72 36 45 27 39 57 13 36 19 28 23 56 91 83 35 6 36 26 35 17 5 48 20 79 54 49 78 16 57 76 78 28 18 72 72 23 51 50 74 76 28 90 29 15 72 71 43 87 96 7 1 59 76 65 34 74 36 66 1 36 65 92 23 79 
57 10 48 24 10 73 83 89 1 94 51 52 89 6 51 9 24 39 15 56 40 96 77 87 83 20 86 25 6 80 17 40 70 61 12 83 28 89 36 91 74 56 67 46 34 43 100 95 32 42 14 65 12 59 8 53 91 29 67 44 16 27 98 37 71 85 18 78 37 6 82 73 19 46 12 55 40 63 71 77 38 49 36 20 5 83 28 9 51 16 18 43 91 11 3 55 1 60 3 40 
84 73 1 17 49 61 72 21 52 23 91 24 52 38 32 43 84 4 100 49 45 57 44 83 44 17 13 97 4 100 99 41 73 68 27 52 89 77 88 25 36 82 61 69 78 98 20 100 39 86 45 33 63 85 3 16 41 7 44 44 8 83 26 19 93 11 36 8 69 99 79 39 37 93 78 60 87 94 78 56 16 82 67 96 5 61 43 59 77 1 46 51 26 64 54 3 80 56 78 53 
83 41 54 7 80 87 10 49 20 33 63 8 33 45 69 20 33 84 8 19 54 44 91 9 9 59 92 55 59 72 73 44 69 10 65 65 33 9 34 67 66 31 97 37 27 76 19 52 52 40 84 86 53 85 37 50 67 13 65 59 63 13 14 100 93 37 28 64 36 81 9 42 19 28 44 6 11 60 18 27 3 86 29 15 97 41 32 13 5 84 62 96 55 78 97 11 22 32 22 42 
62 19 64 46 51 45 68 66 45 37 12 73 63 88 25 41 63 38 18 16 37 14 6 7 74 30 21 3 57 88 81 20 72 40 83 38 76 86 12 57 65 8 1 59 49 97 42 91 11 79 65 73 97 65 22 93 51 71 83 95 23 84 73 77 75 17 8 47 50 23 39 41 7 65 68 14 24 26 75 93 45 92 57 18 74 58 38 56 63 86 50 74 79 97 20 99 44 22 32 23 
37 51 23 31 100 12 36 49 33 11 39 88 17 56 46 89 68 55 20 13 4 42 91 38 13 72 77 21 25 31 17 93 82 91 81 92 4 82 71 91 87 90 60 43 71 78 24 70 44 27 4 29 41 31 82 62 13 23 25 18 69 27 5 14 28 31 37 44 40 95 57 94 39 68 85 39 39 28 87 78 72 6 14 94 52 44 17 71 34 11 95 22 41 41 78 7 90 10 59 81 
79 73 2 51 72 46 85 54 33 86 86 38 34 52 1 5 93 50 84 73 20 95 79 63 67 57 63 15 40 67 50 52 97 42 68 40 27 61 5 76 87 30 7 87 10 32 17 80 86 79 20 1 82 24 27 52 77 61 6 97 14 21 6 60 21 69 64 42 17 32 67 14 77 51 54 64 64 68 80 54 31 61 76 49 8 46 88 79 75 21 63 47 66 87 75 44 54 50 87 35 
