100 100
42 39 98 53 85 27 82 40 90 30 69 83 90 60 55 59 74 75 8 26 98 1 95 55 18 11 67 1 20 3 12 44 85 20 73 80 61 9 88 99 73 78 15 81 57 59 73 79 42 68 73 48 36 56 44 14 63 58 65 8 13 86 15 53 76 69 67 5 70 86 47 97 30 7 57 63 99 46 41 25 92 24 15 12 61 79 75 58 88 98 86 68 14 36 23 62 70 19 72 93 
86 84 82 100 19 46 31 90 7 22 57 82 45 18 17 9 91 93 84 33 20 93 89 94 30 32 24 61 15 28 97 36 10 95 33 79 75 80 32 65 55 25 1 92 64 77 46 79 71 6 55 57 43 26 91 63 70 53 96 41 43 16 1 10 70 84 7 47 2 94 4 74 43 81 89 31 14 72 47 33 46 7 78 81 38 41 54 33 43 33 26 49 47 78 7 53 91 69 50 90 
58 57 34 34 93 12 7 18 62 16 93 52 97 70 95 57 92 83 34 99 67 72 23 13 92 33 2 35 70 67 58 63 34 18 65 57 11 33 20 75 82 68 6 3 41 17 33 3 41 52 61 63 39 81 64 45 95 44 57 92 39 29 91 100 34 41 85 61 7 66 72 67 31 45 44 27 12 17 7 77 45 23 67 22 100 13 59 99 69 24 55 56 63 87 11 44 22 81 20 62 
30 22 61 53 60 64 5 58 33 23 9 88 20 3 31 68 2 74 93 85 35 4 6 87 92 68 22 62 65 21 42 74 82 62 83 98 93 47 65 45 32 37 88 40 2 30 91 9 74 64 29 44 22 11 35 39 12 24 56 6 12 8 93 87 32 16 88 39 26 60 48 98 5 9 6 93 93 23 99 86 96 82 8 78 57 63 11 8 37 69 1 45 58 48 3 50 66 2 54 91 
53 91 41 70 25 83 48 90 32 97 20 87 3 16 55 24 65 92 99 25 37 46 6 87 75 49 25 40 45 13 30 42 47 80 38 55 69 78 16 33 48 20 20 42 83 86 98 35 2 44 63 47 75 65 100 10 3 61 60 52 29 43 56 82 46 91 99 42 87 37 40 30 55 39 68 80 66 59 14 96 84 56 71 85 55 97 44 19 84 81 76 75 78 59 69 69 98 28 14 47 
95 78 60 1 22 61 92 7 12 66 97 80 75 40 41 91 16 74 58 11 91 98 44 86 88 32 20 12 76 10 42 31 8 78 45 69 47 45 86 48 66 80 77 31 32 53 97 79 65 81 20 58 93 12 71 87 27 15 69 93 41 72 27 66 46 44 95 14 36 78 98 8 90 58 3 73 19 65 69 26 10 74 71 68 50 20 11 41 1 36 32 10 38 21 56 86 34 23 58 77 
16 94 94 41 98 73 64 64 66 37 15 3 89 36 40 28 26 51 17 67 40 94 46 40 78 76 60 88 100 9 38 64 56 43 64 62 48 19 91 81 85 78 96 59 75 74 18 63 85 11 74 64 55 18 52 90 22 52 76 96 5 53 45 11 15 32 14 35 61 64 47 75 69 72 25 24 45 85 14 28 16 6 35 22 86 93 84 64 17 64 63 83 30 49 94 89 10 74 82 79 
22 88 23 31 38 65 88 82 89 23 33 74 67 66 55 80 2 58 48 44 24 91 80 28 10 72 10 84 12 26 32 40 97 16 22 43 91 11 43 48 13 49 46 21 64 76 42 66 59 29 89 92 49 58 25 26 77 44 8 48 31 27 56 77 61 89 13 94 65 93 65 58 85 92 50 56 22 21 61 84 27 7 77 66 37 67 89 96 15 39 100 39 21 86 79 73 21 10 16 24 
32 2 86 75 57 67 70 24 100 16 96 12 69 42 63 91 74 15 60 36 49 85 6 62 92 86 17 61 62 89 28 43 99 50 49 33 34 2 71 10 83 53 82 84 86 36 8 18 69 95 49 33 7 11 2 75 16 52 100 60 28 81 40 38 84 72 90 26 90 31 25 17 72 95 14 61 38 95 11 65 69 58 6 52 51 61 97 93 30 86 32 89 11 35 97 35 23 99 57 18 
60 40 9 70 38 76 52 68 1 71 36 9 76 8 88 77 39 76 61 100 28 10 93 65 15 30 55 3 58 4 85 13 71 35 75 63 26 95 8 69 22 23 63 9 4 52 96 4 92 48 35 84 71 100 77 53 92 59 56 40 54 48 40 57 34 60 41 93 96 32 5 12 57 5 73 53 37 47 2 1 37 100 29 34 64 19 16 51 33 79 73 99 99 88 40 95 20 45 68 12 
9 97 97 100 78 94 52 31 41 52 3 95 19 32 12 12 64 14 25 77 36 67 59 62 75 41 31 89 36 46 21 68 40 46 51 37 38 33 86 93 50 61 54 37 28 2 79 49 6 98 53 61 62 77 18 6 10 65 45 66 47 19 97 31 80 23 24 28 53 28 14 34 64 38 36 83 100 75 70 56 83 3 93 100 85 16 77 69 42 25 66 54 19 80 5 89 63 55 27 12 
38 74 63 14 58 61 24 63 37 64 100 57 49 32 93 15 46 61 51 100 95 4 79 69 40 73 3 42 99 85 60 82 1 6 6 40 84 6 20 5 89 92 76 42 65 64 70 38 87 21 90 76 13 22 79 87 42 81 11 76 31 97 76 89 56 38 99 88 89 94 87 59 27 90 2 91 86 50 70 53 74 16 75 25 64 99 34 70 84 51 52 52 89 28 76 10 21 97 13 29 
77 77 38 25 4 92 64 92 10 93 86 91 5 42 1 17 24 7 14 84 63 50 96 32 61 98 87 97 42 92 99 71 98 16 25 6 35 100 17 75 1 64 52 17 25 7 3 81 13 82 80 16 25 92 46 47 89 38 52 86 70 9 34 94 71 10 90 2 26 59 90 40 5 31 95 59 18 58 66 91 6 61 24 90 3 85 16 86 68 23 36 15 66 68 72 11 18 88 80 46 
17 25 59 67 17 87 85 7 92 53 59 65 79 72 89 40 89 87 37 15 83 17 87 16 26 13 77 22 49 36 80 47 31 93 94 12 2 66 13 17 43 11 74 15 76 28 96 8 83 51 3 90 48 34 37 81 56 12 51 28 19 46 95 30 22 45 14 12 23 48 55 54 23 83 38 97 20 68 89 43 69 23 16 68 28 20 80 31 89 17 27 55 17 74 45 1 78 32 37 15 
44 24 63 68 13 23 62 7 43 72 64 84 88 61 100 100 46 85 41 40 25 67 96 54 76 84 88 6 48 21 7 30 30 89 78 49 61 73 67 7 1 58 80 73 97 16 58 93 27 64 18 60 65 52 27 63 2 86 25 99 12 58 90 4 29 2 19 85 13 96 16 61 98 87 15 33 69 42 8 2 45 83 52 6 36 43 44 4 37 2 47 19 37 67 56 18 36 17 17 61 
58 2 43 48 63 30 33 73 62 77 49 73 51 35 87 95 47 5 94 54 45 21 17 91 67 80 88 21 38 88 51 46 99 42 4 49 4 93 31 65 25 78 61 16 91 41 21 50 55 51 71 36 20 76 72 89 24 74 37 43 60 1 63 92 30 71 38 71 6 37 2 76 22 48 28 3 65 72 33 46 85 86 26 94 59 87 88 24 91 78 44 6 40 40 59 43 10 73 97 38 
81 4 19 56 10 5 23 94 55 85 42 93 93 3 87 43 20 53 78 52 43 35 8 57 76 96 25 26 54 7 35 71 97 98 69 13 77 68 26 89 74 97 38 33 52 16 47 69 47 42 14 69 4 38 9 91 69 41 3 45 28 14 79 87 65 58 46 69 68 94 48 36 86 7 29 79 18 100 92 50 5 5 87 20 75 17 27 4 63 36 35 28 39 91 34 86 41 51 80 91 
28 60 4 48 29 49 31 45 87 11 85 37 88 25 6 40 73 42 48 93 72 35 49 58 30 84 35 75 6 16 38 46 16 41 98 15 40 8 20 67 34 33 69 7 65 67 58 66 37 49 80 8 29 32 17 73 36 83 2 62 80 21 77 20 35 76 26 98 9 33 55 42 35 12 35 12 88 54 59 74 7 96 87 98 98 35 66 32 7 44 74 36 38 11 63 70 77 3 84 77 
63 24 68 91 78 20 75 1 63 23 29 94 86 35 72 24 79 2 26 25 43 17 43 52 86 21 68 99 57 88 20 7 23 37 64 82 28 93 19 6 38 94 97 25 95 62 22 67 65 9 78 21 15 35 13 8 33 89 49 32 3 95 42 67 13 97 13 81 20 32 8 73 57 33 98 100 4 42 66 33 93 34 5 20 77 78 26 95 55 35 59 76 18 76 83 76 46 7 85 31 
71 10 76 47 88 40 24 1 66 99 63 99 59 22 67 93 22 50 66 42 85 66 81 71 32 4 25 56 14 25 86 12 5 42 38 40 22 33 57 23 85 24 55 79 72 72 15 83 8 58 7 34 2 99 88 65 61 59 45 67 47 74 4 68 1 86 39 38 78 46 81 15 29 36 48 32 86 57 100 30 82 47 77 93 33 72 76 59 1 95 29 83 51 29 47 49 77 85 75 55 
22 63 94 56 9 50 49 86 24 43 20 82 5 79 88 74 88 50 99 3 27 1 71 49 34 81 37 46 97 41 40 36 37 77 55 83 58 47 51 91 4 40 11 48 52 56 42 32 46 19 41 7 80 47 77 5 15 36 78 34 6 87 96 67 9 16 63 27 83 86 29 39 100 84 78 39 61 57 10 81 23 15 23 52 10 69 41 2 27 23 23 22 55 66 60 5 73 18 92 24 
2 90 57 74 95 71 14 83 83 85 58 47 44 9 12 26 78 65 34 24 70 18 78 62 91 3 97 40 56 64 99 76 88 46 87 93 80 37 24 43 59 78 29 38 94 84 20 94 2 39 60 60 22 88 64 48 93 14 29 94 40 48 37 50 32 7 17 79 25 30 53 51 43 86 54 23 32 42 19 37 46 15 44 5 7 83 97 76 25 27 53 26 63 49 4 39 32 85 99 80 
28 62 48 6 72 73 79 9 23 32 77 28 100 18 94 16 63 100 61 29 92 8 26 69 2 78 41 43 65 37 10 84 98 69 66 87 12 58 31 23 17 51 31 51 25 47 26 34 16 64 72 73 39 73 68 39 59 8 61 57 97 80 42 45 97 74 3 64 32 97 19 8 14 100 24 4 31 72 47 86 48 75 99 71 44 28 44 57 55 39 50 70 95 51 89 14 62 85 9 58 
85 7 84 26 50 82 77 89 49 93 85 96 7 32 90 3 41 36 92 6 18 67 87 5 67 33 61 37 13 28 40 59 10 43 37 87 84 25 34 36 45 75 45 80 20 57 68 68 17 56 26 81 67 82 53 55 16 63 2 9 30 48 97 59 31 80 47 90 22 12 77 17 99 4 32 15 61 19 46 81 43 90 59 17 74 79 77 44 17 83 26 49 23 42 67 55 76 93 48 72 
18 87 27 83 68 100 35 32 84 24 49 64 30 74 85 56 78 46 49 7 3 54 77 61 43 47 24 57 17 30 65 64 3 100 56 78 52 14 27 97 50 14 50 81 29 69 21 61 7 6 62 85 95 40 87 54 20 22 30 72 85 13 82 15 51 82 59 39 61 24 54 62 43 65 19 21 23 43 89 53 53 78 39 43 67 68 70 56 33 53 23 95 65 20 99 80 48 79 91 2 
17 66 33 11 69 22 99 44 11 19 90 54 94 94 10 30 33 27 8 14 41 34 47 41 56 14 10 93 92 16 39 96 58 27 9 66 88 91 73 43 57 13 92 63 10 94 90 51 29 66 20 93 41 61 70 82 5 72 36 89 81 58 54 71 78 77 8 13 20 11 15 28 12 51 17 72 2 51 20 39 99 55 9 41 62 87 64 1 15 22 60 98 74 9 79 70 66 32 53 20 
62 50 88 57 42 65 1 90 44 31 38 66 32 99 8 30 89 29 42 38 100 94 90 45 34 30 63 82 92 10 78 10 65 90 27 27 79 3 78 85 37 12 3 42 83 62 1 6 66 43 37 72 1 88 79 99 98 12 42 28 29 26 82 9 25 48 35 99 79 57 44 55 86 70 38 95 88 9 91 39 66 29 70 39 87 21 92 2 58 91 23 30 9 13 77 84 26 76 100 3 
51 44 24 99 28 32 95 37 49 50 22 56 59 93 35 87 16 89 91 36 77 40 27 89 90 16 41 17 70 48 92 5 47 87 37 72 93 39 66 46 2 89 38 7 57 67 21 79 54 86 54 79 81 71 61 94 80 65 15 42 13 20 57 77 88 48 59 12 19 47 21 15 23 24 19 69 11 93 2 35 24 22 43 11 27 62 23 27 80 3 23 28 85 26 80 97 27 56 31 70 
92 50 78 43 71 77 71 32 33 33 93 27 96 81 93 100 13 30 75 97 54 29 68 33 30 52 75 84 30 43 80 42 26 90 31 63 56 14 27 29 68 99 67 27 23 81 12 2 14 65 10 66 33 50 97 51 59 66 96 44 14 48 39 23 99 45 34 46 62 13 71 72 20 98 45 85 38 33 70 62 26 66 80 65 59 95 38 23 42 53 30 35 50 20 27 1 25 42 35 67 
3 32 87 6 52 17 72 45 75 30 65 71 82 16 59 68 100 21 85 37 78 64 1 8 91 52 64 85 15 3 5 80 66 33 100 10 54 56 64 92 5 39 86 44 80 24 29 44 32 34 4 54 34 86 47 89 56 38 10 11 6 61 83 55 53 45 87 29 58 99 13 84 38 49 42 12 12 27 33 44 37 95 52 4 8 12 96 81 4 75 89 63 53 80 93 58 49 59 100 69 
38 5 54 59 46 84 69 17 14 64 73 67 36 43 99 80 24 35 14 10 57 67 72 51 12 64 55 17 79 51 52 76 49 31 68 70 35 100 52 64 88 90 65 6 84 43 55 30 40 56 8 50 59 76 74 74 54 51 3 83 40 19 47 75 33 51 33 40 27 92 16 80 64 76 56 75 72 8 87 1 23 100 97 45 89 61 91 38 22 97 93 46 100 89 79 25 40 49 47 24 
39 32 65 18 51 14 14 32 15 51 40 82 51 69 65 60 22 71 37 71 93 42 58 83 16 29 3 15 29 57 96 64 33 59 92 16 8 49 45 32 54 3 48 75 59 68 27 72 41 70 25 33 18 42 3 4 36 39 44 27 97 91 18 25 65 75 85 78 19 41 79 72 22 22 93 52 30 30 79 83 20 30 61 39 68 71 47 47 3 86 87 36 94 75 28 37 28 37 79 5 
8 72 11 17 41 42 49 4 79 73 64 96 66 79 99 34 88 35 75 7 50 32 96 45 62 43 100 26 87 15 59 33 22 18 85 35 68 78 32 69 1 61 35 68 19 21 66 68 93 55 15 46 60 70 79 6 16 27 67 21 15 34 83 73 90 79 29 25 91 13 44 2 12 15 21 84 1 26 49 17 56 82 92 76 40 43 22 96 64 12 91 43 3 90 43 99 11 98 20 13 
16 50 58 81 1 49 73 90 73 12 45 2 65 87 67 36 3 75 57 23 77 83 1 55 47 32 44 48 87 45 19 86 31 6 91 86 37 43 90 20 97 86 100 62 29 31 41 46 76 91 55 6 17 60 29 39 81 37 59 24 97 17 60 6 86 79 81 99 68 91 98 70 55 28 42 3 99 12 14 79 82 47 37 8 55 52 32 59 24 9 35 31 57 58 9 80 78 24 55 70 
70 58 66 2 65 17 72 28 34 66 45 9 33 11 53 22 6 86 45 60 9 58 92 36 24 35 84 9 66 10 23 88 54 75 72 63 41 55 85 8 45 21 1 48 32 46 52 26 65 34 3 40 57 48 33 68 43 55 63 6 28 11 38 79 89 51 87 7 60 48 33 43 33 48 44 48 92 95 69 15 41 8 31 36 14 97 6 26 12 84 90 95 67 66 80 20 45 32 70 34 
68 10 69 99 45 51 22 52 47 39 14 55 55 70 25 35 71 15 88 22 25 87 94 78 6 43 65 32 27 70 93 13 31 11 4 28 8 7 62 83 98 24 52 91 69 77 8 85 44 2 14 44 2 8 6 6 59 32 59 63 16 68 50 20 47 44 59 62 69 47 70 35 75 24 28 39 50 96 95 41 72 62 61 39 11 41 1 11 100 20 52 29 20 39 85 69 42 27 5 63 
44 36 8 92 37 49 67 70 86 82 70 40 83 79 87 29 24 3 13 77 66 91 92 52 46 24 45 60 20 67 40 62 70 65 4 16 51 33 54 97 44 72 66 65 85 62 19 36 15 89 89 17 27 62 69 87 43 61 58 54 68 88 71 13 34 25 46 42 31 7 7 13 22 16 71 29 88 92 41 7 32 80 49 5 10 33 25 15 6 25 84 13 48 83 37 52 7 75 69 82 
92 24 1 32 30 68 5 11 40 75 57 4 72 46 41 61 9 80 98 86 34 57 65 10 81 84 6 45 2 33 12 97 31 11 54 18 32 93 94 82 15 97 41 4 60 67 81 51 12 55 59 2 34 80 56 84 29 48 72 87 92 57 74 100 11 55 38 22 84 76 70 58 36 56 5 30 76 17 46 95 56 60 12 93 11 11 15 86 38 31 9 91 6 71 61 33 22 91 59 62 
46 76 53 81 55 16 55 63 1 33 84 62 12 30 69 62 7 91 3 16 86 83 28 74 98 86 74 87 35 45 68 51 73 98 39 4 64 75 8 90 96 17 5 98 40 25 11 5 76 79 71 88 20 23 15 87 62 69 17 70 31 87 20 43 59 51 34 48 77 79 85 90 1 99 38 46 39 19 14 27 36 23 69 28 91 63 24 42 75 87 40 84 51 4 78 94 92 9 67 91 
56 65 67 57 56 53 56 9 66 88 9 31 20 72 69 40 42 63 20 60 24 14 27 52 47 38 54 81 82 30 44 1 82 86 66 84 41 38 18 31 15 63 90 14 32 16 85 51 17 92 43 86 44 17 84 96 10 3 57 24 99 50 79 40 82 56 25 72 76 9 76 3 79 15 88 52 86 67 64 25 95 56 55 94 48 57 98 17 98 90 73 8 43 68 48 63 38 17 42 33 
63 20 10 78 79 11 75 59 47 38 13 72 29 34 48 6 77 3 5 70 19 36 56 2 62 26 22 9 16 55 42 42 75 36 21 70 59 65 49 4 72 87 87 50 16 77 32 35 15 22 54 87 11 81 63 97 59 79 72 15 49 27 77 43 83 75 94 85 58 48 19 18 9 24 75 21 90 18 14 73 18 1 63 49 8 77 40 46 86 81 10 58 24 70 65 29 92 48 13 36 
70 76 18 23 38 14 52 60 31 37 96 68 20 54 10 78 29 85 49 77 68 51 5 95 2 48 91 90 12 80 28 86 67 84 93 42 21 70 65 89 54 99 11 95 83 5 87 73 76 80 89 68 98 37 51 68 86 64 53 80 74 90 64 19 64 23 83 67 42 40 37 44 10 59 63 16 78 3 100 87 94 7 70 23 68 16 52 67 41 10 46 62 32 45 67 34 11 8 82 45 
23 30 88 47 34 86 45 36 35 14 23 26 56 93 92 53 71 33 95 77 39 28 97 52 89 57 12 23 69 75 33 64 48 48 97 7 1 40 47 63 44 33 39 46 77 91 4 14 96 82 61 36 49 72 15 76 31 84 29 16 74 86 84 50 73 18 98 50 52 88 6 97 46 14 48 23 28 77 87 36 5 50 22 6 60 64 75 96 13 90 8 93 81 57 8 35 66 13 90 98 
100 71 26 37 69 76 46 77 99 91 34 18 38 25 59 57 77 54 83 93 38 91 86 16 54 77 95 24 88 31 3 72 88 100 100 55 49 3 53 95 29 56 90 55 34 32 37 22 19 32 95 39 28 88 6 71 28 33 27 2 89 77 6 99 60 20 88 68 28 50 100 77 51 80 52 73 89 81 46 99 36 41 26 70 36 87 49 54 45 76 63 29 2 97 20 17 28 89 51 75 
21 87 49 71 78 33 16 17 90 7 80 66 22 22 57 94 36 99 77 96 74 12 12 97 13 88 85 73 89 53 4 16 79 57 78 40 49 92 86 76 78 8 48 29 26 75 65 79 64 72 71 34 49 98 60 24 100 23 74 57 32 57 98 52 74 60 81 4 48 28 38 32 37 55 89 37 51 43 4 51 55 45 53 66 81 44 65 43 87 87 60 10 89 27 62 69 8 76 85 93 
55 30 25 58 74 79 82 60 16 46 44 29 22 39 89 90 94 89 77 75 75 53 59 92 27 13 65 92 52 5 84 24 44 90 96 67 52 43 70 5 90 45 87 86 19 68 9 67 5 38 30 10 57 12 85 81 90 54 6 94 68 10 18 15 90 14 62 38 73 36 85 12 47 27 18 95 69 18 56 25 11 13 2 2 11 11 9 86 92 74 22 64 69 8 38 8 22 56 67 37 
58 82 3 92 74 5 35 21 35 80 52 66 77 5 65 85 18 84 100 77 48 78 42 34 57 32 64 86 44 28 85 23 32 2 19 36 45 86 5 52 1 56 100 57 63 70 48 73 26 22 85 81 70 5 73 61 52 90 40 75 80 54 1 11 7 33 34 23 59 100 51 38 2 32 6 56 10 84 86 26 14 55 16 34 100 83 82 53 28 83 87 15 18 20 33 48 24 33 24 20 
13 13 78 78 33 32 94 98 81 38 13 88 82 100 33 39 11 93 24 74 77 31 67 92 11 80 7 79 14 50 10 86 71 27 20 75 87 48 86 45 3 59 63 79 94 85 73 29 41 65 56 93 60 38 17 79 8 93 59 53 12 67 64 18 26 76 61 62 95 68 98 22 16 29 23 56 1 31 46 95 96 13 70 34 86 1 50 10 58 49 37 82 43 39 47 68 38 58 80 87 
48 49 34 87 28 56 42 16 37 65 81 75 6 88 84 47 40 51 65 46 74 41 50 97 4 83 6 59 6 27 18 58 10 37 10 4 46 10 61 98 64 84 42 70 27 84 31 30 54 81 26 9 26 11 16 39 42 58 73 57 35 79 85 78 94 21 69 92 1 93 37 26 61 96 75 28 55 44 28 71 85 50 43 69 80 53 72 49 88 52 10 78 99 24 51 94 54 68 93 62 
71 14 50 74 83 41 76 80 9 97 43 65 46 51 75 4 1 76 93 97 83 96 70 75 31 9 27 57 24 13 14 25 72 40 88 83 17 6 16 17 49 17 24 10 41 27 29 40 35 18 56 6 76 94 8 83 75 4 48 37 53 64 19 86 28 62 72 89 29 42 39 95 35 31 83 93 55 59 50 3 52 71 56 85 59 54 77 12 70 82 33 99 43 35 90 69 91 9 60 98 
89 13 29 30 58 98 8 44 100 94 92 87 36 43 50 24 22 63 80 86 47 12 18 91 7 49 4 83 54 35 97 10 61 37 63 18 47 25 8 12 10 39 100 38 5 96 20 92 10 14 95 40 96 43 34 66 34 16 19 18 79 96 64 40 64 1 42 24 46 35 86 17 65 18 67 77 45 60 22 50 73 7 26 41 38 83 13 25 17 18 66 82 44 30 78 95 30 5 68 62 
83 9 63 38 53 92 23 20 82 50 82 50 37 5 2 85 28 1 11 54 19 83 77 12 15 68 5 74 29 42 87 93 12 93 44 8 30 11 48 99 95 3 1 23 87 19 53 61 67 2 2 29 43 60 27 61 13 84 82 24 8 38 32 89 19 91 38 14 10 86 18 21 21 81 85 90 4 55 83 11 18 78 73 27 49 33 82 44 1 73 89 53 60 76 80 20 35 27 36 55 
8 1 44 4 50 93 29 66 65 71 60 97 76 74 63 71 66 65 60 93 83 72 27 21 72 90 82 85 33 12 13 18 92 49 28 85 23 15 8 58 71 16 88 58 42 86 1 12 81 52 13 32 98 53 20 60 22 71 93 38 65 60 76 77 56 32 42 94 94 86 47 43 56 100 19 16 25 76 93 53 86 78 54 1 3 98 82 54 5 57 49 11 13 41 63 33 54 22 50 12 
22 37 25 80 65 64 12 66 47 50 46 21 80 2 92 90 33 23 38 9 75 8 63 94 27 83 38 35 91 91 67 55 26 22 93 32 6 95 84 66 44 69 25 24 49 91 8 71 64 32 33 11 20 27 71 18 39 26 76 72 26 60 62 30 82 22 59 55 12 83 53 42 65 53 2 45 94 16 29 51 46 48 1 5 47 76 64 30 59 77 15 79 5 15 32 20 5 94 16 72 
66 77 19 67 75 76 44 95 82 37 94 11 71 3 93 99 66 63 87 24 65 55 81 48 89 21 68 37 50 53 41 12 85 5 30 7 40 40 49 42 4 56 95 71 40 34 49 17 83 18 61 5 66 2 53 86 82 10 91 21 28 1 17 27 20 57 16 73 26 53 95 81 77 53 74 1 1 89 35 93 40 68 82 19 32 32 68 12 84 45 33 23 70 91 4 6 40 71 40 86 
3 43 72 39 15 97 95 85 22 68 62 21 27 91 72 79 7 44 81 77 87 92 98 98 65 85 82 13 64 78 71 56 47 3 75 3 50 76 73 21 39 98 67 27 52 62 25 91 60 55 55 76 58 6 61 15 56 89 63 51 4 39 99 35 31 78 25 62 29 62 74 6 56 81 85 36 85 61 69 12 96 66 24 29 9 27 60 47 88 12 71 65 70 8 38 26 65 51 68 64 
95 37 15 78 13 25 86 34 97 95 56 93 64 51 64 66 13 54 71 50 100 13 72 43 36 99 54 20 24 51 96 17 50 68 25 5 29 39 79 42 81 36 36 81 60 82 1 89 47 59 16 57 52 79 94 52 66 30 18 58 57 59 30 94 67 87 79 99 55 62 49 38 10 10 24 11 66 93 33 72 79 20 97 38 36 96 38 44 2 93 20 89 88 98 43 7 62 16 54 52 
51 57 14 4 87 73 23 89 53 57 28 18 46 98 43 30 52 44 6 75 7 52 19 52 72 25 52 98 38 73 26 50 57 99 47 69 32 88 35 86 63 63 4 17 40 39 99 12 9 12 24 34 23 42 95 6 20 62 66 86 17 1 31 18 39 26 35 76 22 89 100 39 60 9 76 24 12 11 75 28 13 77 76 61 75 33 34 35 64 98 8 38 36 8 19 49 45 28 70 71 
60 77 58 70 92 6 97 96 81 14 7 5 44 8 91 53 28 19 88 49 27 69 17 34 8 40 2 64 16 88 47 48 74 10 91 47 71 46 52 38 14 23 51 21 33 50 100 17 48 72 1 19 99 18 93 19 61 96 33 10 60 87 75 30 89 62 53 18 98 9 79 44 77 29 69 8 45 73 68 6 57 13 72 79 63 97 64 47 4 87 68 97 52 36 24 100 53 63 56 56 
48 25 62 44 28 80 7 64 18 89 8 18 87 57 99 47 74 46 84 26 22 64 22 47 72 87 62 90 25 36 20 71 3 29 91 64 36 24 64 58 46 2 57 35 100 5 84 12 91 80 30 43 63 80 25 56 89 50 42 75 47 79 11 19 30 46 82 2 19 16 77 22 88 56 27 48 44 40 52 86 61 22 29 8 2 18 63 93 96 51 39 24 69 34 99 74 55 90 43 94 
21 9 3 11 25 15 2 14 22 16 62 51 63 18 89 79 88 49 51 73 91 64 89 54 41 85 19 49 95 56 35 100 80 70 37 81 89 62 2 19 55 62 46 3 61 84 12 76 74 49 36 95 2 82 96 89 81 92 4 10 53 83 3 73 28 85 86 23 14 94 27 51 98 34 66 97 59 60 46 71 68 9 74 96 27 61 25 70 100 45 73 16 69 91 96 20 50 30 50 47 
67 55 40 55 8 36 87 35 72 61 34 67 50 37 30 31 21 51 36 18 86 40 85 25 5 38 44 39 94 94 93 20 28 31 65 45 96 25 97 65 86 8 16 69 72 80 42 34 52 27 90 59 77 60 83 33 20 3 29 36 41 44 51 61 92 94 43 89 39 88 14 84 23 84 53 99 8 29 26 62 8 73 15 22 91 31 64 62 63 18 79 31 32 93 70 43 28 65 71 91 
22 46 32 42 57 18 18 24 45 100 72 51 4 12 58 48 96 69 82 58 75 3 14 38 55 68 93 97 12 48 71 10 82 98 95 19 98 33 86 30 34 39 69 2 70 87 13 79 20 43 52 38 70 74 87 91 78 57 65 17 17 56 94 42 17 57 18 85 90 6 22 16 48 83 5 10 23 78 57 82 28 28 8 38 22 17 72 46 89 68 84 1 93 23 22 2 67 68 78 93 
68 54 72 14 46 71 16 83 41 22 63 28 94 6 29 75 16 38 11 15 40 75 29 68 79 7 7 48 22 22 75 17 43 81 38 20 87 68 9 65 23 87 63 63 88 50 25 10 58 45 78 23 57 91 23 85 76 1 21 29 32 76 73 60 43 81 43 46 39 96 11 35 52 83 59 78 87 26 42 73 32 63 52 54 50 71 7 12 25 41 89 13 50 92 65 62 34 57 28 97 
42 66 72 30 78 17 1 80 77 20 34 24 63 69 81 68 94 4 30 12 7 28 18 27 60 88 36 3 95 83 77 17 56 100 15 94 96 68 72 5 48 92 40 34 91 67 25 60 92 36 14 31 80 99 39 46 50 6 53 65 26 27 96 100 63 10 36 35 99 94 96 47 95 29 13 66 98 94 22 56 3 34 54 30 71 35 2 24 86 5 100 25 28 66 61 5 77 36 81 5 
40 39 71 3 70 76 90 90 74 78 43 32 43 5 60 22 46 88 51 18 100 18 76 94 41 49 75 54 78 27 37 89 49 90 70 60 2 76 64 95 69 71 4 76 26 63 59 66 70 67 15 22 72 24 57 28 97 71 42 55 96 85 7 2 86 92 66 67 16 96 69 18 11 57 60 33 96 30 12 48 94 51 87 71 79 18 1 82 51 86 4 65 63 11 90 78 27 87 75 30 
87 15 42 47 11 34 62 42 77 51 2 18 67 82 74 53 88 44 20 12 26 39 33 56 99 81 63 34 40 17 98 22 8 59 55 19 18 83 49 76 52 94 79 46 1 100 100 74 35 49 11 32 82 48 80 87 74 90 15 10 3 42 51 93 83 20 33 2 92 96 16 28 65 100 14 89 44 57 69 81 93 19 22 83 48 36 29 59 98 97 91 49 43 8 85 68 14 14 34 30 
77 55 37 3 50 29 74 30 17 33 73 95 3 31 34 71 55 79 26 18 78 3 32 92 19 48 50 62 45 17 12 6 84 59 79 99 63 95 5 98 23 37 2 96 99 93 17 6 99 66 75 75 87 11 24 31 41 41 20 13 6 56 93 97 61 6 89 37 49 47 68 41 31 24 41 26 13 17 37 38 74 87 3 65 93 1 40 63 46 86 13 46 74 97 99 24 74 95 1 71 
1 92 22 98 61 80 96 26 38 77 33 43 23 86 100 57 58 57 39 36 75 82 8 48 68 65 25 6 10 23 13 82 42 23 60 81 46 59 54 29 90 43 26 61 7 70 97 25 63 13 46 22 66 28 70 3 33 48 3 76 32 28 93 19 41 89 84 21 81 58 46 96 16 84 52 71 1 84 85 17 100 99 24 42 60 29 44 14 11 35 56 82 100 81 57 23 57 95 98 58 
57 81 62 57 26 64 15 29 91 38 37 40 67 100 38 80 96 35 3 6 99 20 63 100 39 11 81 89 98 90 30 81 35 95 7 12 75 45 93 72 17 56 17 83 100 36 44 67 18 79 95 57 3 64 36 68 42 67 98 53 73 24 15 33 48 96 100 89 79 52 76 78 15 98 13 56 72 14 4 86 67 99 42 89 48 100 52 9 69 74 25 28 88 99 33 100 23 9 1 97 
32 85 62 58 22 86 88 99 65 15 67 11 23 20 42 67 32 63 85 56 38 31 13 4 24 87 32 78 27 51 42 21 10 6 3 59 36 11 5 70 35 58 44 53 67 48 55 11 58 16 31 26 18 86 13 5 82 43 82 12 39 69 48 41 66 5 51 9 89 1 28 55 92 14 71 72 11 79 4 95 66 70 58 21 69 81 72 48 55 67 80 23 5 76 99 89 33 25 66 11 
14 69 38 74 34 23 86 39 44 33 38 35 42 15 2 77 5 1 64 63 91 34 13 97 46 96 80 86 74 72 74 22 11 17 81 74 13 57 42 65 83 49 14 78 25 97 23 9 38 47 40 40 60 24 21 55 68 52 23 31 38 58 79 60 60 89 42 36 55 11 6 1 73 17 99 9 16 31 28 80 22 73 47 90 18 94 22 3 92 57 40 87 65 29 89 71 70 43 69 5 
50 3 17 75 80 31 24 59 46 44 78 19 18 57 88 33 47 30 86 3 67 29 47 93 32 91 29 47 41 58 51 38 92 61 93 75 37 83 98 15 59 100 50 100 36 66 82 69 21 36 71 88 13 8 80 75 81 35 57 42 99 79 99 85 43 57 51 16 49 12 64 66 4 3 42 18 26 92 72 10 81 72 89 89 16 13 66 88 74 45 37 57 25 80 34 24 54 85 58 42 
39 74 20 81 53 37 6 26 22 73 14 8 42 48 92 1 67 100 83 91 18 49 54 95 44 19 97 98 52 77 61 20 2 97 87 9 57 50 27 47 7 67 78 87 82 39 52 18 6 68 74 79 30 1 7 25 13 27 89 83 12 75 87 38 46 77 85 94 46 68 39 51 44 92 47 80 13 15 96 90 91 74 53 55 90 88 59 8 71 94 98 50 95 53 75 99 49 30 23 62 
18 51 12 45 34 8 4 88 43 56 85 50 72 92 14 12 13 41 87 89 66 54 7 31 75 34 44 36 17 87 54 14 59 8 27 6 25 14 1 53 13 96 52 21 30 63 93 43 14 64 1 100 19 13 66 31 57 64 48 14 47 45 73 11 69 40 60 86 93 64 40 53 28 17 59 8 28 60 80 42 79 22 17 33 71 72 39 23 73 24 34 14 96 16 30 9 54 64 27 39 
73 11 93 90 78 46 59 42 24 56 78 7 48 6 64 81 34 41 89 20 20 19 16 51 11 40 62 96 41 6 43 100 53 65 81 86 83 98 42 37 70 13 21 23 8 96 35 8 46 37 1 96 35 18 48 63 25 20 90 45 18 30 51 54 75 60 44 60 19 19 17 44 61 67 62 17 31 58 32 7 31 25 35 6 89 41 30 76 80 19 63 99 81 22 48 82 50 32 22 18 
5 45 22 30 35 55 80 53 49 95 8 72 29 85 24 68 75 12 23 87 11 24 46 77 1 5 54 13 12 53 67 89 66 80 85 68 6 39 26 27 41 40 2 44 9 24 87 88 44 58 93 18 9 18 49 99 45 54 67 95 44 10 98 66 52 45 26 47 89 42 95 78 37 99 14 86 81 71 33 87 76 94 91 60 32 55 58 13 84 79 68 79 95 90 87 33 18 2 13 89 
91 25 46 76 35 39 88 26 37 65 29 97 68 19 68 76 96 74 19 33 77 80 57 18 26 34 18 46 26 41 59 62 83 9 51 69 62 79 77 62 76 19 95 40 38 10 40 50 78 98 6 55 25 10 13 26 85 14 28 12 21 72 20 82 18 16 92 83 63 48 62 22 99 85 59 12 95 98 34 79 66 90 96 22 70 98 49 54 62 4 89 56 45 44 88 43 93 13 97 47 
82 25 52 33 44 78 27 59 38 19 5 82 15 84 4 14 51 1 38 65 35 29 62 2 88 47 73 33 90 69 69 83 12 31 81 40 32 62 1 61 84 81 7 77 100 94 62 17 57 7 69 89 64 22 70 66 71 99 2 12 85 21 65 5 14 24 85 21 66 73 69 82 66 53 45 48 78 1 75 66 53 61 63 74 65 23 36 39 91 28 95 94 41 86 8 75 59 17 5 56 
58 81 50 8 51 3 1 57 73 93 33 22 21 12 64 41 72 63 69 4 47 52 52 6 81 7 37 16 30 8 48 62 13 2 83 75 20 91 31 93 63 62 56 53 25 49 17 24 94 62 9 93 97 11 97 51 59 90 65 3 92 50 1 42 47 80 15 56 66 97 82 53 26 12 86 53 71 96 64 29 83 84 3 90 21 18 17 85 7 49 53 62 63 100 38 79 15 70 26 88 
83 85 73 64 58 19 57 82 21 77 46 2 21 68 41 78 76 22 93 51 46 2 32 24 19 93 52 49 48 65 97 58 16 74 52 89 52 78 24 36 97 55 65 71 3 11 44 79 100 17 62 57 69 88 45 3 95 39 43 1 15 14 69 85 84 3 16 91 79 62 92 90 52 75 67 83 21 23 88 47 65 51 99 81 89 97 95 30 29 99 14 29 66 7 27 25 62 44 46 26 
59 69 88 68 61 6 49 9 46 82 7 58 69 20 47 5 55 65 92 69 70 41 35 26 66 23 38 32 94 18 13 63 28 34 91 40 42 56 4 28 40 86 34 61 24 78 92 50 39 57 44 40 26 72 95 93 84 63 22 77 15 55 61 96 24 18 29 60 75 8 16 92 35 28 14 76 89 88 14 18 98 96 59 55 17 39 74 92 68 49 81 44 67 22 46 24 94 98 34 38 
39 45 2 52 9 36 89 55 41 79 73 6 90 8 29 89 28 52 51 89 15 59 86 98 78 93 30 98 12 41 91 89 58 33 45 83 80 80 86 81 3 16 93 54 72 90 46 9 56 65 33 86 66 17 38 52 97 71 84 77 15 83 61 29 60 65 7 10 29 77 63 29 35 71 90 52 23 80 68 83 67 24 18 28 7 60 45 74 6 72 82 4 12 71 52 72 47 3 33 57 
77 80 78 53 24 48 46 36 14 95 27 92 77 55 53 65 2 86 96 63 43 20 56 57 79 45 62 70 42 6 84 26 61 67 73 48 49 40 90 95 15 96 42 53 94 48 59 30 38 11 6 89 38 9 81 56 63 6 13 62 88 24 19 75 91 45 48 39 24 93 31 40 56 35 75 32 88 12 55 85 96 79 2 96 21 35 65 51 26 78 11 65 57 19 11 9 19 89 8 45 
48 95 18 16 66 79 17 13 6 40 28 49 77 100 29 1 86 38 75 22 75 13 39 78 45 79 92 86 44 4 47 1 78 61 33 45 12 55 53 49 49 54 94 48 86 26 88 92 82 77 43 81 6 75 61 94 23 32 68 41 59 53 39 75 59 72 86 68 20 34 34 96 25 60 92 76 97 9 97 71 69 73 65 61 20 31 69 33 29 30 34 26 42 4 34 29 93 92 47 74 
57 97 99 21 86 79 77 58 78 43 68 37 45 25 85 87 88 39 95 94 97 25 35 25 15 68 89 38 4 73 97 81 1 22 48 35 46 8 36 77 91 56 89 75 83 65 1 94 56 28 21 93 33 59 4 58 15 30 24 23 81 84 23 71 94 29 15 61 76 48 87 98 62 87 17 76 48 6 42 56 64 53 4 81 46 92 72 57 37 3 41 90 36 26 43 27 85 74 41 44 
75 27 81 50 82 28 56 42 7 63 21 37 30 49 8 42 89 67 15 8 88 48 35 44 40 9 47 16 7 24 69 22 47 62 71 81 21 33 43 79 91 81 31 25 87 12 77 53 85 30 40 20 50 62 98 95 82 59 65 93 84 55 29 20 68 37 7 36 54 48 49 28 11 47 20 27 94 29 5 88 19 64 68 50 25 27 83 8 56 59 94 21 44 3 51 66 28 9 64 21 
10 5 8 89 59 83 100 12 100 61 82 77 84 32 26 3 92 56 67 22 36 82 59 27 17 24 30 9 9 63 54 28 83 44 39 91 58 74 26 37 64 40 87 24 52 18 97 58 62 20 57 20 66 54 30 23 48 50 29 53 71 85 28 26 44 83 78 13 70 11 49 76 50 73 80 61 11 97 24 65 79 23 29 28 8 53 37 8 75 99 36 92 93 16 46 20 26 16 30 74 
63 94 6 17 48 36 74 50 61 82 88 99 94 6 8 94 92 23 76 45 20 52 38 2 22 65 95 10 21 8 26 53 100 66 27 31 21 70 100 36 25 87 66 65 2 52 49 64 41 100 71 55 40 2 80 47 74 88 38 85 14 62 6 63 17 40 75 43 91 56 84 84 16 21 51 51 56 100 81 75 54 46 79 4 1 43 44 85 57 97 49 96 64 14 62 99 38 71 94 35 
27 43 44 55 65 20 98 13 60 11 78 19 67 72 36 51 25 34 70 52 59 82 72 55 97 42 66 40 54 89 53 79 73 31 4 53 7 45 22 27 43 45 9 75 53 54 38 55 75 1 28 46 34 52 22 56 34 61 9 20 48 30 83 44 42 29 56 68 98 42 29 58 92 3 4 24 20 10 83 74 12 86 24 26 52 47 41 98 17 50 27 8 74 94 96 100 54 49 21 40 
11 9 60 35 42 13 39 59 25 10 13 11 63 75 51 47 41 91 4 92 23 24 18 19 69 15 74 21 58 48 50 90 71 74 48 53 90 20 83 42 13 25 46 25 96 97 53 74 91 5 25 78 85 30 54 80 60 64 34 43 74 65 51 34 83 90 25 39 23 100 65 59 15 33 81 54 7 22 100 77 71 21 83 18 31 4 75 7 40 71 37 11 64 44 58 80 86 12 48 48 
67 26 80 80 52 88 84 34 19 14 84 96 68 98 5 89 24 27 56 43 42 38 58 45 22 27 74 94 22 60 79 87 81 19 62 72 24 8 28 35 9 88 11 48 87 79 79 73 77 72 55 2 95 96 95 90 23 82 50 41 20 2 75 46 71 21 57 12 94 62 38 63 85 34 55 25 4 76 64 54 20 70 74 49 96 98 37 34 20 10 6 43 31 65 82 31 75 92 13 81 
11 95 16 65 60 48 77 99 32 47 64 41 68 53 23 56 49 81 4 90 71 22 20 74 32 68 40 77 36 52 20 16 9 83 16 74 18 86 96 59 49 57 13 69 15 4 50 12 55 75 67 10 60 57 98 1 74 74 99 51 7 67 4 30 34 9 20 83 7 16 48 93 77 22 96 3 61 5 57 61 14 57 64 16 60 85 45 33 39 60 2 79 40 15 47 2 22 91 98 57 
72 12 60 97 92 5 86 24 97 51 92 85 45 4 3 42 52 94 74 5 53 74 40 54 49 40 64 18 43 96 46 76 71 14 75 67 5 93 79 72 41 37 28 12 68 48 83 47 85 22 31 82 64 9 67 77 74 97 50 19 44 36 21 53 13 67 43 100 51 39 93 63 33 16 52 18 30 95 42 12 23 94 22 38 57 72 99 15 89 82 28 88 72 94 12 83 99 49 40 78 
71 68 8 15 51 52 5 99 70 54 27 40 39 34 75 39 36 35 2 20 51 57 56 44 81 60 63 93 5 13 11 38 99 35 18 17 7 58 49 12 62 8 82 27 19 30 45 33 34 90 72 80 4 4 16 99 28 70 9 56 73 37 90 18 7 63 36 85 67 21 70 11 57 29 87 58 82 54 4 81 20 29 59 11 80 68 71 46 60 49 40 62 42 90 23 57 29 45 27 89 
97 58 15 92 6 23 65 64 38 19 18 64 43 87 36 50 19 31 51 80 19 100 90 72 39 54 26 27 80 56 44 27 98 5 5 72 59 33 94 76 46 81 83 82 97 28 53 57 36 62 10 29 80 53 65 22 78 2 38 50 85 48 49 94 79 78 67 29 18 3 47 4 49 98 38 57 99 68 6 1 62 43 9 73 6 27 25 89 10 77 68 55 85 90 66 84 66 44 18 63 
24 44 86 79 63 95 49 65 5 88 26 70 18 59 29 32 94 56 5 73 19 28 88 50 82 47 63 35 72 80 45 49 20 21 20 99 64 66 58 15 56 98 78 70 99 98 69 73 83 90 89 81 83 26 92 70 56 74 97 57 54 1 82 85 83 74 20 38 63 92 72 87 87 66 73 82 62 10 29 10 36 27 33 8 48 19 25 83 26 34 41 30 35 45 50 65 41 89 18 64 
44 2 38 16 100 79 82 92 22 73 78 25 24 71 6 42 87 54 93 4 83 44 34 81 61 34 62 77 35 7 97 16 53 46 94 60 3 45 52 89 39 96 76 74 21 34 52 63 24 52 56 88 31 86 51 57 64 79 83 30 41 29 81 3 33 65 16 63 93 67 61 71 48 60 95 15 78 13 47 57 63 78 36 51 80 21 98 23 97 62 96 61 95 91 76 91 22 85 69 71 
81 89 98 45 93 10 30 50 90 60 98 71 56 91 12 63 80 54 61 91 10 79 20 63 77 1 49 14 16 7 64 38 98 7 53 15 30 84 41 74 49 66 60 29 44 73 9 98 98 41 21 6 32 57 11 80 17 6 6 62 25 40 56 44 54 56 57 81 18 7 2 5 21 29 30 84 59 52 35 78 53 46 89 68 96 27 37 86 73 94 32 49 37 15 87 60 71 69 88 57 
65 87 11 31 4 30 43 3 45 100 77 50 1 77 53 4 91 4 79 36 53 45 76 41 12 46 2 23 77 66 72 88 5 36 41 60 34 79 25 91 44 37 39 83 24 8 57 50 23 68 34 94 20 70 52 52 41 80 68 7 25 71 43 66 90 1 39 40 94 85 25 57 71 95 72 45 29 44 83 49 25 55 44 58 93 83 51 95 100 88 21 33 49 97 64 92 26 78 42 67 
