100 100
13 96 87 10 6 96 19 66 24 86 18 86 99 8 68 39 41 84 80 59 68 45 18 88 77 96 3 7 37 89 38 31 20 4 3 21 74 25 61 99 2 70 18 67 22 66 63 11 29 39 97 46 76 25 50 56 95 70 22 49 1 38 91 6 5 14 44 78 86 98 17 67 66 40 4 36 26 31 40 70 50 54 57 87 66 94 78 95 80 15 36 93 43 64 48 74 46 46 24 40 
52 23 87 76 38 77 27 84 30 84 33 2 10 63 26 8 77 54 92 93 30 70 10 59 57 63 95 67 30 5 27 34 66 8 96 85 8 89 97 83 100 71 59 94 86 54 52 91 99 53 35 83 2 99 51 33 67 62 99 33 14 76 77 26 25 99 15 76 38 70 48 31 94 15 29 64 53 93 2 29 55 4 54 46 95 41 75 34 6 52 76 34 21 5 22 85 40 4 43 71 
73 1 70 32 40 92 61 46 81 51 32 41 36 30 81 15 85 79 33 56 50 93 2 58 36 40 2 54 38 11 22 37 50 17 87 8 12 40 43 6 54 87 82 6 49 88 97 20 99 90 87 85 78 20 25 54 78 40 18 77 72 66 52 22 3 82 75 95 93 45 11 49 2 62 85 19 42 12 18 71 19 62 53 47 6 65 72 82 34 73 57 48 12 83 11 38 42 12 55 27 
38 7 17 78 90 9 50 79 95 75 95 85 92 57 29 67 47 34 34 79 13 69 43 7 18 87 86 74 45 70 26 74 11 97 80 32 47 76 71 14 96 83 20 82 13 76 67 38 37 84 85 91 35 27 93 98 58 91 29 44 89 17 6 19 1 34 49 88 99 84 65 4 58 50 7 26 26 1 94 91 92 29 9 56 15 99 9 55 68 32 88 32 72 63 2 26 7 72 61 94 
55 9 90 75 93 77 52 6 26 19 88 31 28 48 37 19 57 84 27 96 48 24 96 34 97 27 92 81 7 2 8 74 29 11 59 7 83 54 30 52 39 83 47 67 36 28 28 8 6 5 13 81 44 45 77 3 34 34 33 42 70 44 52 95 17 34 94 83 37 11 73 91 40 41 18 44 45 39 43 24 76 80 2 50 30 43 9 97 99 1 15 81 24 74 98 13 73 40 88 91 
68 28 31 97 87 79 32 82 3 27 59 33 40 4 86 19 59 51 87 68 35 15 98 11 27 44 31 33 80 94 45 55 8 17 70 83 50 88 30 58 62 55 37 43 85 17 55 2 40 91 89 80 90 63 27 98 99 34 71 43 41 26 66 63 96 47 34 17 58 86 27 96 94 52 14 64 52 57 19 10 88 72 36 95 4 84 65 26 86 6 71 62 95 54 66 30 92 20 7 68 
26 11 38 100 95 1 82 65 58 6 49 1 65 74 45 97 41 77 25 10 43 55 99 4 25 66 39 47 32 10 35 8 51 98 66 33 78 74 29 48 21 13 78 4 68 50 74 10 77 98 92 23 48 59 82 99 80 53 89 18 77 4 12 36 37 19 37 51 10 75 39 17 82 94 32 80 39 40 41 4 22 80 30 7 42 21 6 65 86 48 1 10 54 57 32 89 80 80 62 49 
14 58 41 73 22 43 56 44 28 81 21 32 69 17 90 31 64 69 56 9 53 64 49 79 62 10 67 88 78 42 35 50 1 65 28 51 96 25 87 68 51 50 80 15 85 28 78 58 34 10 47 80 86 58 74 88 51 91 65 98 56 8 8 49 84 14 65 83 64 65 89 61 1 1 74 12 71 65 36 83 90 2 11 62 48 33 96 77 84 8 87 66 64 91 7 72 37 41 40 90 
25 59 93 47 82 63 97 39 94 20 48 52 44 59 58 91 45 48 11 43 3 25 79 79 3 3 32 43 63 32 43 19 80 52 83 99 11 59 27 2 14 46 82 9 90 72 36 99 69 78 74 92 74 82 99 79 10 83 74 38 23 90 3 26 4 96 67 12 48 62 4 47 25 27 17 98 19 17 33 8 1 54 22 42 8 63 6 10 84 13 89 74 45 71 85 90 86 93 24 56 
26 32 48 74 98 58 70 82 89 26 4 51 13 67 63 6 95 90 42 97 60 89 13 36 26 66 76 27 15 94 55 62 66 27 95 62 70 84 73 1 57 4 88 3 59 80 12 64 48 9 36 62 68 34 10 1 57 19 32 95 94 46 74 99 95 40 2 27 56 7 22 74 53 27 80 16 48 35 13 80 12 89 96 65 52 71 58 83 29 64 40 28 40 19 91 89 36 31 64 76 
21 71 37 19 12 76 47 13 45 44 20 81 30 98 3 43 78 20 11 45 85 84 76 89 53 13 23 48 13 62 80 4 30 92 95 49 9 90 59 98 56 85 81 9 62 47 47 99 6 45 68 61 55 20 31 35 4 25 47 67 12 68 37 81 91 69 3 48 75 14 60 39 28 52 79 91 22 51 71 35 76 43 91 89 9 35 97 95 75 25 3 27 60 70 90 100 21 33 86 38 
78 58 42 91 27 53 60 54 29 39 55 15 37 65 50 89 42 51 27 9 64 53 9 26 56 58 67 15 46 61 40 65 60 58 65 69 24 20 35 1 88 49 86 54 80 48 45 100 55 87 45 7 70 28 52 83 16 3 59 69 66 10 18 92 4 17 66 11 61 39 5 85 78 33 80 6 83 93 64 63 20 54 42 45 67 25 71 37 68 67 60 87 95 17 69 62 46 85 83 36 
77 97 75 10 49 57 72 88 47 82 91 6 28 8 49 30 17 66 77 89 60 64 17 81 54 21 42 52 85 5 52 46 77 98 89 14 29 26 35 66 97 60 89 37 21 92 63 30 26 46 42 79 55 83 69 82 55 61 71 56 7 76 76 30 64 89 37 11 48 21 6 77 94 94 83 20 7 31 78 93 43 82 60 48 26 82 21 79 75 82 7 10 97 95 99 54 1 99 57 6 
43 30 70 79 24 32 25 22 7 6 91 94 63 97 66 54 9 95 93 4 38 37 62 1 76 90 15 87 65 33 4 84 56 68 31 21 20 66 52 99 85 31 42 4 93 35 82 78 24 19 37 20 46 23 54 25 73 36 20 46 91 22 32 51 28 25 89 7 29 62 46 94 79 56 55 100 39 31 84 9 69 2 68 27 5 14 68 55 7 32 84 76 10 37 32 57 61 41 26 1 
66 13 82 3 10 46 7 71 17 33 67 79 32 35 72 37 24 14 32 30 92 50 47 14 31 92 79 3 61 75 35 12 54 25 17 66 75 14 55 12 26 84 67 97 38 26 35 90 61 29 100 94 99 61 97 80 49 47 92 40 99 6 40 84 42 29 99 94 79 13 77 55 5 36 37 20 61 40 42 33 10 13 61 11 46 70 94 57 84 99 49 55 98 37 7 92 71 9 42 30 
1 96 1 5 86 74 13 68 42 67 61 19 44 54 79 40 59 75 17 26 86 94 75 16 78 39 59 81 52 12 17 70 19 87 20 99 21 9 27 89 20 62 90 34 26 42 9 83 20 31 72 92 23 25 31 62 75 23 22 30 13 82 12 91 48 24 45 85 44 20 86 73 52 46 78 92 5 56 21 8 58 14 84 82 12 45 80 3 51 24 72 61 20 76 64 6 76 96 69 40 
90 93 60 79 25 96 31 9 5 7 73 71 64 58 75 97 30 77 59 26 50 60 27 18 69 94 46 66 89 55 76 88 3 31 99 41 4 95 59 85 70 60 82 67 97 18 57 38 57 55 37 6 74 47 55 63 5 53 49 92 88 48 41 10 81 80 42 74 32 82 92 80 57 58 81 65 94 76 20 87 4 58 61 24 41 60 34 10 26 98 40 33 42 39 88 73 78 25 46 65 
34 91 95 73 94 21 56 42 71 36 51 58 57 20 43 57 56 88 74 96 10 52 38 70 64 84 77 84 21 30 1 78 83 21 58 24 4 80 52 47 48 36 67 74 15 47 64 28 51 88 57 52 44 7 48 87 17 78 62 30 67 94 65 78 7 35 58 41 54 73 90 89 48 86 23 63 63 74 78 45 28 71 40 91 85 18 72 26 52 53 3 56 56 65 83 88 60 56 19 48 
74 94 20 87 89 69 98 16 52 63 14 21 24 93 87 78 96 42 4 81 28 41 56 82 43 40 33 63 74 32 63 70 56 19 58 37 38 65 8 5 21 57 37 41 48 14 53 68 39 26 51 96 33 95 2 53 14 55 53 90 21 39 43 25 60 18 21 10 49 57 64 27 78 73 16 1 48 79 84 59 72 57 86 34 14 77 82 52 10 83 80 21 7 26 17 96 3 40 99 24 
93 59 17 70 49 35 38 63 67 68 70 15 34 77 61 10 48 28 70 8 59 97 89 48 94 58 22 93 94 31 43 74 74 91 47 13 5 28 3 97 96 89 51 96 38 27 8 81 61 99 56 57 83 15 72 8 52 5 20 80 16 18 64 26 86 82 62 40 70 54 46 50 14 70 92 18 28 98 65 68 2 20 22 81 89 72 30 99 18 30 22 67 74 10 24 19 49 33 73 52 
53 69 74 93 36 22 63 31 27 28 100 29 35 6 97 35 48 46 60 62 32 17 17 23 94 37 34 32 66 24 79 62 35 72 33 66 95 31 35 70 47 6 70 86 5 58 85 19 92 59 93 19 28 48 86 46 27 99 26 99 52 27 7 35 20 80 38 25 6 84 23 86 34 41 72 71 98 42 44 98 84 75 32 42 92 69 87 34 56 83 29 65 73 47 74 80 100 9 7 54 
27 59 73 17 95 76 99 84 69 33 40 22 34 34 25 70 100 6 40 73 70 85 9 59 65 50 67 8 34 53 57 26 6 86 16 60 81 25 57 33 45 53 22 80 67 7 67 92 66 100 36 57 43 53 12 37 8 66 7 52 70 98 2 43 97 21 67 62 37 35 98 16 86 42 38 35 65 95 63 36 8 23 97 51 79 56 89 69 98 48 17 37 32 68 49 99 10 67 25 89 
20 97 87 17 68 42 80 60 98 58 61 72 15 60 75 50 30 1 23 81 22 79 17 93 16 44 86 25 25 87 11 72 63 90 78 79 88 73 8 74 57 92 53 31 83 100 39 78 91 88 87 56 76 83 44 9 52 3 2 4 45 82 86 84 13 44 39 51 47 93 96 41 42 57 37 77 14 53 26 44 97 84 62 82 53 70 62 83 25 91 51 98 92 33 26 26 84 74 84 94 
29 32 8 60 29 20 18 42 62 19 89 94 13 97 86 54 28 18 5 41 60 59 5 32 28 67 28 13 29 44 73 53 80 51 98 24 10 34 66 87 75 22 18 49 86 50 87 72 16 5 6 99 88 25 9 77 93 7 77 70 22 1 44 55 82 72 72 15 25 54 44 19 88 55 36 45 83 52 44 12 74 12 35 11 85 46 55 61 99 55 69 83 7 2 61 66 99 100 88 73 
34 75 50 73 36 90 68 88 28 29 68 52 82 53 74 52 18 78 79 70 68 23 44 34 82 96 18 66 74 18 23 1 46 100 62 41 99 23 34 62 10 47 15 45 21 37 95 59 81 77 95 93 48 7 20 20 42 28 79 15 41 36 5 21 43 57 40 53 10 4 66 3 15 19 51 16 68 47 100 83 18 64 74 23 20 83 35 63 30 62 71 64 73 52 51 77 32 60 70 25 
6 53 57 99 24 14 18 12 75 55 13 94 84 16 42 90 11 43 48 100 1 84 57 35 4 72 86 71 68 59 43 89 21 96 19 64 27 38 55 30 32 82 19 91 99 32 31 81 10 98 91 67 42 72 15 59 20 100 57 75 53 51 19 70 81 80 29 97 27 64 42 54 58 36 14 23 67 82 58 62 68 32 72 91 33 47 59 76 21 89 75 88 82 43 88 53 83 3 61 68 
32 53 12 10 23 19 25 94 12 84 44 6 55 66 84 28 19 40 80 4 69 91 34 16 81 55 66 44 44 30 31 87 86 3 41 20 70 93 28 85 15 3 37 94 23 41 79 66 17 51 93 50 30 90 73 22 16 63 5 74 54 30 16 89 78 84 98 49 29 55 6 13 11 62 56 70 43 83 63 7 30 62 3 85 51 77 96 55 69 75 20 5 13 40 66 37 93 9 2 75 
82 90 13 52 2 10 31 81 48 44 10 73 50 14 9 25 10 79 35 34 7 29 21 35 75 60 1 58 35 20 62 13 45 91 73 72 14 6 23 16 38 36 50 35 99 57 23 53 27 72 85 37 18 36 19 16 9 87 82 93 49 93 59 44 64 26 82 89 70 79 35 55 88 85 9 82 12 14 48 75 46 75 68 96 57 61 23 57 96 48 98 84 91 52 41 54 30 34 92 58 
73 28 75 50 33 63 4 70 45 15 37 24 23 21 45 56 66 86 33 62 45 17 37 20 71 64 81 22 7 79 46 68 65 38 83 25 37 29 92 63 51 67 11 67 75 80 62 90 66 46 58 82 83 38 42 38 38 61 91 93 57 8 5 24 75 56 80 3 1 69 21 35 35 60 46 97 82 49 2 58 6 77 85 8 44 2 58 11 27 67 81 81 12 17 48 57 77 31 21 29 
85 38 77 92 30 38 42 21 80 76 45 91 49 44 8 47 86 5 87 46 28 91 87 70 81 25 94 23 78 14 38 39 70 1 54 41 98 33 98 96 38 50 4 10 24 73 82 81 4 50 48 3 3 9 4 98 79 21 17 40 65 96 35 92 21 60 69 18 28 28 19 55 76 52 70 12 86 56 76 38 30 95 35 49 50 42 44 19 63 62 28 32 78 88 70 58 49 73 43 99 
73 88 86 27 1 66 47 18 44 9 81 79 86 45 79 82 30 77 60 14 63 56 96 83 20 30 68 37 29 21 19 94 10 39 20 32 38 49 44 49 68 51 20 14 25 28 53 66 90 76 95 49 38 32 41 90 52 52 46 9 80 18 69 64 74 66 28 74 37 7 70 27 1 39 23 97 49 98 67 46 12 69 62 15 58 99 52 48 35 84 90 21 70 65 50 66 4 86 15 10 
83 56 79 34 84 93 74 68 90 66 75 41 47 18 26 15 95 46 24 16 93 10 10 60 33 87 18 28 68 81 20 9 91 72 9 18 19 78 96 41 86 25 5 58 11 69 84 53 51 36 22 43 2 39 91 59 49 96 88 6 68 37 68 47 51 81 84 95 81 57 61 47 60 17 43 97 3 98 97 51 29 51 71 3 77 60 64 16 65 62 71 15 21 85 39 15 85 90 40 2 
93 3 71 65 11 69 44 81 26 46 50 54 10 24 19 75 73 12 71 38 6 55 27 31 38 45 22 72 10 37 62 4 17 49 13 70 54 10 88 18 96 49 60 86 77 31 36 48 95 32 65 88 33 90 38 88 77 93 75 53 22 46 87 82 43 67 47 72 26 65 40 65 7 91 71 6 22 20 45 31 80 67 88 12 74 26 52 31 20 4 78 73 86 15 100 31 41 5 8 57 
83 34 8 51 29 91 96 38 35 11 86 80 22 83 43 96 88 18 16 86 46 79 48 68 47 93 62 64 45 69 73 86 76 96 18 18 41 66 35 23 13 88 13 53 97 37 87 53 52 61 31 70 47 40 72 78 18 15 9 76 45 5 61 68 32 35 80 83 18 44 31 73 14 97 3 65 7 6 81 13 49 60 65 48 13 51 31 9 17 35 11 6 75 3 35 67 45 46 51 91 
98 73 93 17 83 7 62 41 88 89 92 100 70 82 86 71 82 67 97 65 28 79 61 60 91 75 93 46 1 95 53 31 4 86 24 84 70 58 99 89 88 95 60 48 83 92 9 20 7 6 62 14 99 89 35 96 92 58 3 6 43 100 25 40 41 22 66 56 18 14 29 78 81 17 30 48 27 4 69 82 17 49 32 3 71 19 58 52 100 96 42 53 90 13 82 19 51 30 65 8 
62 39 4 7 100 56 74 77 44 6 8 33 12 12 70 99 75 100 64 22 82 23 4 85 19 97 62 84 61 46 5 73 95 19 24 45 71 8 78 35 23 16 29 25 55 15 67 52 30 65 52 74 75 21 71 37 17 96 56 48 59 90 81 84 24 24 46 67 31 85 44 36 26 45 60 28 95 54 21 15 32 1 100 74 85 12 87 12 94 62 72 43 88 41 25 99 90 25 58 69 
78 55 20 43 50 68 2 70 64 73 47 61 91 59 15 12 66 3 16 52 8 10 43 43 66 67 100 79 78 78 15 7 39 33 52 66 46 89 20 90 16 93 1 29 80 43 43 82 74 49 28 99 47 16 7 56 38 31 15 83 1 100 41 2 63 10 9 9 78 4 7 52 53 18 89 81 66 19 57 90 32 72 68 57 90 6 94 93 10 35 26 28 78 97 62 66 74 48 38 71 
9 13 58 89 61 23 2 91 5 9 65 3 27 14 57 11 14 43 11 15 99 25 5 33 82 11 28 95 24 31 67 66 24 39 68 69 28 20 34 31 98 35 100 79 60 35 64 24 52 12 14 32 67 93 44 23 56 54 10 77 72 85 56 69 49 6 26 81 86 55 83 86 17 86 69 86 37 18 73 93 59 100 75 38 1 99 5 7 15 69 65 17 38 1 46 73 49 37 86 62 
41 10 40 60 9 14 69 59 17 99 65 19 41 63 82 81 24 83 41 9 94 58 77 78 97 63 56 57 89 73 12 37 40 9 97 69 49 83 16 98 71 40 59 36 64 77 23 67 37 11 42 70 79 41 25 18 64 55 5 82 22 55 20 99 29 16 65 48 99 18 79 44 53 87 33 69 4 44 4 72 52 96 64 55 26 35 77 75 83 33 9 56 97 92 99 36 55 8 44 80 
62 92 5 88 4 90 74 87 100 89 57 76 18 3 32 91 94 79 78 69 82 74 4 24 41 51 20 22 58 47 94 89 21 71 43 25 7 72 26 75 58 49 40 19 23 9 34 81 80 18 48 59 8 81 17 19 41 4 45 25 60 57 9 80 44 18 65 90 63 80 60 53 3 89 59 38 48 33 60 8 57 50 2 98 11 99 17 32 17 37 51 58 89 3 17 80 31 11 24 1 
3 5 26 36 73 14 55 11 100 40 13 81 44 8 88 17 88 15 86 38 66 70 39 34 69 97 95 24 34 83 77 31 68 86 13 4 35 51 35 79 21 70 90 50 36 60 39 35 4 54 59 99 47 98 95 57 64 85 14 42 72 100 89 28 51 37 69 54 66 78 25 3 28 99 44 28 4 37 61 28 48 56 78 91 92 17 37 92 4 79 23 97 37 66 95 68 63 9 100 69 
49 35 56 91 76 39 2 98 70 12 79 59 84 37 96 40 23 98 94 78 53 21 71 46 14 1 89 11 25 68 16 44 72 99 52 39 60 19 1 62 24 45 26 98 13 43 13 97 69 22 87 83 9 48 99 11 62 64 28 29 90 59 35 67 74 98 24 52 81 7 7 14 77 100 9 51 12 66 34 30 23 15 92 98 76 37 68 3 45 71 61 81 71 67 86 5 45 36 95 37 
88 34 22 44 83 66 72 79 18 58 45 38 46 71 95 5 60 79 55 36 57 13 97 39 79 69 84 86 78 8 91 40 92 96 38 82 33 96 13 12 60 55 33 1 82 27 96 98 93 53 77 88 89 76 17 99 94 5 49 29 78 3 15 93 17 78 22 82 57 2 22 85 65 14 95 53 41 4 1 3 59 15 40 8 31 93 71 82 72 24 80 96 20 74 90 64 91 63 37 62 
74 3 81 74 45 3 55 36 52 51 90 50 63 3 42 16 15 89 78 9 38 50 86 91 77 62 98 27 79 28 38 34 83 40 89 33 84 4 16 42 47 72 14 18 9 45 56 8 97 86 9 24 64 37 7 85 88 47 85 30 86 74 87 39 100 45 26 22 69 73 14 77 57 75 17 51 12 90 52 98 79 4 24 93 91 39 36 57 36 87 23 58 62 46 29 45 77 85 96 69 
50 71 12 89 28 62 45 72 28 91 71 97 91 71 34 72 90 62 9 43 56 16 5 49 12 96 38 96 84 6 94 7 18 100 80 54 19 67 19 43 26 27 30 29 15 78 51 24 95 93 10 99 47 31 78 50 41 29 76 83 25 7 5 62 90 80 58 26 98 50 15 23 73 99 74 84 37 82 90 93 54 79 66 98 93 36 7 65 91 84 48 60 15 84 16 5 83 47 63 87 
62 76 20 72 8 70 56 33 57 42 30 45 48 27 8 8 71 46 79 98 22 12 95 35 25 46 88 21 79 49 15 5 96 64 26 88 78 1 17 21 64 36 34 11 92 61 32 47 80 62 18 80 12 45 47 99 99 87 25 35 60 68 19 59 53 45 22 6 53 64 5 25 33 64 86 80 8 32 29 65 21 52 82 4 21 98 82 56 90 57 60 90 6 81 66 54 45 19 95 88 
87 8 46 7 21 96 77 58 91 93 74 13 76 49 89 24 61 85 78 26 76 80 89 90 28 81 9 100 93 100 2 9 38 75 27 61 51 23 16 35 18 48 45 54 74 49 29 97 92 42 74 16 80 61 64 37 93 27 72 61 28 84 34 55 81 64 51 51 87 94 34 54 50 64 69 29 2 61 46 100 60 17 72 10 87 43 62 49 12 17 72 88 13 24 27 14 53 2 12 78 
40 26 65 27 67 24 99 38 97 5 20 7 47 8 56 37 77 85 99 29 50 99 30 62 76 91 12 49 82 38 18 57 37 18 75 21 33 16 41 4 31 69 20 49 17 93 58 2 74 70 92 84 72 2 33 73 41 8 33 54 86 95 9 93 95 52 63 70 89 28 96 47 83 98 40 40 19 34 24 70 17 97 54 25 10 7 5 22 45 56 19 45 61 53 18 42 13 23 5 33 
5 39 96 26 70 54 85 61 32 78 92 29 96 88 20 50 15 3 40 99 62 64 100 17 93 18 55 29 9 24 67 90 12 92 55 84 15 68 94 71 25 41 68 94 13 91 38 13 31 19 92 78 65 16 40 3 50 4 75 29 76 32 18 17 48 39 63 73 23 59 66 14 40 81 70 7 58 3 11 42 58 54 39 18 69 14 76 20 73 19 58 60 3 11 59 58 18 20 28 23 
71 59 96 15 48 23 37 1 91 47 79 54 8 57 30 57 69 44 9 54 65 79 20 78 100 21 86 70 99 39 25 87 47 16 85 92 72 37 46 94 73 87 15 25 51 43 25 49 62 10 28 27 41 62 21 22 39 68 11 27 50 58 20 64 4 73 65 35 41 24 72 26 16 42 83 18 75 34 6 4 28 55 89 18 55 31 57 37 5 68 77 77 89 63 47 38 36 72 71 32 
91 94 91 34 96 9 45 24 58 42 7 49 2 28 79 38 20 84 32 11 73 55 61 6 31 53 11 23 93 75 71 41 13 76 49 46 87 29 71 35 30 27 10 17 54 56 80 89 46 79 63 13 6 59 1 79 97 79 85 43 76 58 31 53 52 3 40 50 89 34 65 6 58 93 27 43 26 57 80 83 100 99 11 66 69 30 36 57 23 56 27 4 62 79 42 86 59 55 20 64 
29 85 97 68 7 1 52 20 23 39 18 91 46 47 23 9 72 32 86 44 77 79 71 88 47 24 12 40 84 94 6 52 19 43 61 38 57 12 65 12 48 41 17 53 58 35 99 84 78 71 94 97 89 66 20 44 62 78 62 28 31 60 24 57 17 23 91 36 93 45 78 82 39 35 69 90 28 98 45 21 56 39 77 51 31 33 4 58 63 10 33 14 30 78 30 57 15 74 81 93 
43 74 50 25 85 21 46 5 17 43 83 74 8 32 37 72 88 78 71 12 85 16 5 14 60 62 45 28 14 35 93 8 79 84 1 1 56 40 20 38 86 70 7 70 12 80 22 89 98 76 42 89 19 58 81 19 30 10 41 98 56 86 81 86 81 32 26 95 3 52 94 16 68 4 9 77 39 6 12 75 32 12 85 42 36 86 55 6 47 10 23 68 62 46 18 9 26 39 44 34 
5 19 78 69 59 6 75 87 18 15 46 26 47 27 29 19 76 34 70 45 79 15 64 36 9 7 37 2 94 94 58 27 51 83 70 29 62 24 63 26 71 57 72 70 35 83 14 3 13 73 46 27 29 50 90 53 40 69 76 65 78 90 66 43 63 25 75 86 100 20 48 91 59 1 68 56 53 32 94 42 79 61 96 30 77 30 39 34 66 4 27 31 85 98 20 75 19 33 72 72 
64 10 63 89 86 44 9 58 11 46 2 41 2 4 57 51 94 28 20 3 29 56 55 51 42 100 63 18 100 75 6 60 18 72 47 68 93 24 56 9 10 18 16 35 15 18 100 10 73 91 16 24 1 11 49 98 19 80 84 73 71 51 38 34 7 94 85 46 14 50 2 24 33 68 74 13 53 48 11 31 84 6 1 13 67 50 61 75 93 42 69 13 50 54 2 37 17 61 86 79 
37 32 24 16 44 93 1 43 75 39 6 86 62 58 56 97 20 48 37 73 69 70 59 82 80 63 40 78 92 16 26 36 12 90 60 94 24 84 72 14 83 25 27 42 34 88 97 29 35 93 29 73 4 41 33 19 63 46 24 6 70 77 43 74 23 41 84 23 100 60 91 97 70 39 82 25 1 80 91 85 52 24 54 17 36 21 39 100 63 67 47 97 61 15 1 48 85 28 91 4 
36 43 89 19 10 86 87 90 4 59 11 66 69 59 63 2 43 28 1 41 19 38 82 61 68 63 9 33 3 47 3 59 66 19 16 72 3 89 16 9 10 88 40 72 87 19 16 13 12 29 41 32 72 96 43 79 82 81 79 13 14 21 40 3 17 66 60 50 100 53 73 76 54 22 6 57 55 27 84 12 64 99 65 9 15 10 22 9 7 25 74 79 100 96 2 85 46 67 27 38 
68 77 91 50 9 56 40 23 23 96 72 32 35 52 35 83 26 43 80 96 53 15 11 2 93 49 21 82 64 52 7 5 70 9 1 96 82 25 45 94 63 4 42 48 46 71 18 83 100 41 76 74 68 53 47 2 52 99 11 68 68 59 69 90 92 89 49 77 25 23 81 72 31 100 89 75 57 44 88 93 26 21 96 93 39 82 77 97 10 9 34 35 63 50 49 34 94 32 53 60 
15 15 20 46 13 48 9 92 7 53 50 81 55 18 97 10 31 57 84 31 63 52 66 42 62 75 62 32 93 42 10 90 18 34 1 66 43 54 67 69 79 61 98 55 34 7 39 31 3 51 44 5 80 1 61 3 81 35 19 99 97 33 79 81 29 82 62 28 58 92 37 34 84 14 95 84 94 89 81 13 28 88 46 16 96 2 62 60 26 90 53 21 42 75 17 79 27 89 42 15 
90 33 78 77 94 98 44 29 52 79 20 20 43 32 99 37 3 35 46 5 84 32 55 45 39 74 45 38 39 21 65 69 83 7 45 6 24 4 13 22 3 10 1 36 15 23 90 89 59 95 52 3 59 53 24 42 63 61 15 44 17 92 85 23 99 42 41 64 38 89 1 1 65 10 30 8 75 56 38 43 41 22 56 86 93 16 6 27 63 45 99 29 56 51 36 30 80 34 98 95 
3 93 73 5 38 18 82 98 66 14 73 52 81 90 40 12 85 53 4 48 45 57 46 87 17 1 15 32 37 43 93 41 36 25 35 10 64 18 68 74 16 100 72 19 30 25 67 89 42 26 75 72 57 13 30 94 15 43 37 1 67 86 98 10 21 18 99 95 64 48 98 83 24 22 14 11 40 47 40 46 15 85 32 82 5 51 62 45 16 31 44 12 52 11 79 90 62 29 50 60 
73 54 92 76 34 25 56 25 70 69 7 54 87 71 5 37 56 84 1 67 50 63 79 100 13 21 83 58 13 46 31 70 58 96 66 68 100 69 17 81 27 68 83 55 36 78 10 57 80 93 43 27 87 12 18 57 98 45 98 50 22 12 53 47 80 55 30 28 37 15 61 81 54 92 31 86 48 79 2 64 22 73 59 51 24 31 69 27 12 38 40 7 87 99 46 93 85 11 89 12 
46 81 7 71 59 18 7 61 6 35 94 96 10 81 61 13 88 11 95 64 39 86 79 36 4 52 97 46 31 25 69 77 11 65 68 52 16 61 87 45 11 90 60 2 37 59 53 96 18 55 60 64 60 40 77 79 58 55 38 12 79 12 97 91 69 52 41 91 100 48 21 95 69 63 92 87 3 7 56 63 13 9 96 57 76 89 73 21 75 35 90 78 80 25 70 46 40 18 13 42 
28 78 68 62 56 24 12 34 29 42 93 16 58 89 54 76 51 57 44 35 3 98 46 50 1 64 29 99 64 11 19 77 88 99 70 44 31 87 17 44 49 82 11 73 22 60 96 86 42 63 46 18 99 44 61 88 17 39 96 29 78 14 71 23 96 99 85 27 69 64 27 3 37 54 24 75 64 45 97 52 52 48 41 76 75 60 52 15 99 91 8 1 84 38 1 66 83 7 17 100 
81 65 20 15 92 99 90 95 22 81 77 99 32 54 91 31 93 71 48 41 14 85 64 23 34 23 86 98 41 45 48 55 48 76 7 69 66 21 72 59 28 47 71 32 71 32 46 91 66 26 87 61 84 7 99 24 60 79 97 85 74 2 83 69 94 12 97 32 79 31 48 87 6 67 71 33 99 87 74 90 68 36 38 19 24 50 45 21 94 30 4 81 72 2 23 54 68 42 1 73 
65 86 63 15 8 87 48 8 32 23 48 52 17 67 17 62 70 42 93 4 37 80 8 96 9 43 27 13 51 84 21 74 84 57 75 83 57 31 5 75 100 38 66 53 1 94 99 59 79 36 32 69 66 22 82 12 7 12 61 41 69 81 13 3 18 7 100 13 28 95 86 13 85 21 15 77 44 63 99 96 66 95 82 18 46 62 23 70 11 94 91 37 47 45 31 65 33 64 85 47 
67 54 14 19 44 28 70 85 45 31 41 45 58 47 85 62 7 43 30 39 100 16 87 40 24 87 38 71 98 8 22 47 76 88 20 34 83 57 72 59 16 15 15 56 77 64 21 31 62 49 59 64 66 58 28 95 53 38 32 67 28 72 67 49 27 16 32 24 60 48 27 58 60 38 55 24 21 69 94 75 38 75 37 35 47 30 77 36 3 40 68 73 35 47 90 91 41 77 42 54 
83 63 91 23 83 9 68 64 31 97 1 33 20 4 15 53 53 33 41 48 57 63 79 70 30 81 87 85 64 12 56 95 72 2 6 50 100 8 10 54 69 97 7 98 34 48 94 85 90 23 8 3 8 27 78 13 26 22 63 9 25 37 7 53 49 36 90 82 13 78 47 61 90 18 92 40 13 12 31 81 88 52 20 63 41 93 29 14 94 50 38 22 47 22 89 54 10 51 54 16 
5 23 14 15 66 53 54 82 45 58 62 37 62 21 35 43 56 74 45 81 74 84 98 4 87 13 34 13 75 40 39 78 43 99 44 2 38 84 40 10 58 58 68 1 92 43 78 20 54 90 18 98 3 24 55 41 22 43 68 37 12 67 86 23 42 16 8 76 86 84 49 5 25 5 67 92 60 100 77 98 2 72 38 48 27 67 90 98 43 86 32 27 97 16 79 59 29 93 87 94 
72 95 39 43 28 7 42 80 29 81 84 48 21 84 30 60 45 96 32 14 6 31 91 29 49 26 49 79 37 82 55 67 64 53 31 8 80 16 57 28 68 6 75 80 81 62 50 96 12 57 78 4 23 50 34 17 66 53 15 25 54 68 55 28 62 48 63 18 51 70 72 40 82 85 11 31 18 36 96 32 78 100 64 92 1 33 74 15 23 25 13 31 45 72 95 58 48 100 24 24 
85 38 34 49 19 19 28 88 62 16 73 23 12 16 6 50 26 80 37 46 50 31 99 85 61 25 21 63 3 27 78 31 54 27 76 79 94 80 7 86 61 85 73 88 41 92 19 24 61 1 45 33 41 50 79 26 81 32 84 88 10 3 27 96 64 81 29 60 31 70 76 98 70 65 53 20 13 69 10 46 43 12 78 64 32 34 36 31 54 6 100 64 41 31 38 35 56 3 6 55 
62 15 63 68 24 16 98 10 12 95 39 30 11 34 43 9 69 42 75 89 100 83 66 16 45 13 87 12 72 90 71 38 97 30 43 83 16 50 34 91 97 21 15 9 49 35 18 26 61 57 38 15 51 60 26 40 22 82 38 65 39 81 68 93 39 63 7 51 84 57 77 4 34 87 18 10 35 7 11 93 16 73 92 43 82 34 70 18 63 46 13 38 18 33 82 18 64 39 37 56 
44 54 7 20 12 19 47 15 81 71 54 97 41 56 60 95 76 22 55 41 31 48 93 4 79 87 7 82 65 54 93 40 67 40 63 60 37 100 9 98 20 20 32 90 56 70 21 64 14 60 88 81 91 90 85 6 1 1 75 81 80 82 77 97 40 75 18 99 16 31 13 29 68 5 96 49 94 95 40 95 74 53 88 99 45 68 89 64 51 90 15 21 19 45 63 17 27 16 86 42 
86 78 51 51 5 8 51 80 99 13 16 96 3 97 43 32 44 77 8 36 78 67 16 34 74 6 35 48 73 9 26 94 33 76 22 17 28 10 39 51 78 2 58 73 98 98 23 50 6 58 94 55 3 16 52 95 82 26 40 84 15 38 67 42 10 62 28 54 19 43 56 27 34 93 48 86 72 99 100 44 44 35 79 83 65 43 37 59 34 42 1 92 16 38 80 22 50 17 56 7 
81 89 37 95 48 70 70 87 20 94 78 97 38 81 63 84 91 74 64 70 62 39 76 87 11 55 94 59 30 67 74 35 7 36 6 36 30 78 10 8 8 78 99 86 16 45 27 28 68 82 3 56 32 44 89 77 75 14 43 61 14 42 3 21 45 33 84 59 13 22 4 19 55 74 71 48 17 14 15 41 87 4 91 35 26 64 59 83 64 83 7 28 100 28 31 44 51 39 37 68 
20 62 28 54 27 42 47 51 41 41 16 81 63 47 66 83 76 56 71 96 50 69 57 52 82 80 61 21 97 85 84 3 32 17 55 92 46 6 71 19 20 15 68 91 94 15 9 29 19 34 73 62 75 39 36 22 7 88 86 57 75 77 65 73 19 85 6 71 75 38 95 62 55 77 2 40 1 63 40 75 6 55 32 1 91 52 8 52 92 24 29 75 72 61 21 25 63 98 51 16 
27 17 27 53 70 93 34 94 26 56 24 12 96 43 99 67 45 13 78 75 9 21 20 74 47 22 1 4 90 48 37 61 94 73 32 69 50 35 48 96 69 78 79 13 17 40 34 64 60 38 67 17 44 10 26 99 49 57 52 84 39 78 28 40 63 82 75 20 72 23 50 99 3 72 17 60 30 6 66 70 66 13 70 51 53 71 11 5 12 58 32 86 50 59 20 61 98 15 26 96 
57 6 39 4 8 24 25 1 59 54 7 66 60 67 55 11 99 65 42 25 55 13 60 18 100 24 56 37 84 69 26 40 24 81 67 71 60 36 56 64 23 41 24 83 39 36 89 98 41 22 41 9 17 74 12 31 30 17 100 58 53 46 15 59 74 6 98 11 49 88 56 59 43 34 75 78 10 58 45 54 50 34 69 30 3 37 67 93 52 94 67 53 49 35 82 72 54 21 15 59 
45 47 39 24 63 51 73 87 13 16 17 92 42 64 11 90 48 35 76 48 2 33 31 43 74 26 77 70 27 51 10 82 56 8 37 52 14 47 1 30 44 38 90 44 63 86 64 5 94 67 78 41 31 11 62 58 32 15 25 73 35 71 48 99 43 19 60 99 63 94 34 30 82 61 1 72 75 51 13 14 57 35 55 44 81 84 45 23 3 40 18 44 35 38 34 27 54 22 96 74 
75 42 67 71 46 56 99 46 83 3 94 87 44 10 34 85 14 40 24 49 69 83 33 1 13 28 51 87 18 21 21 37 37 83 62 41 86 74 57 58 19 52 94 12 6 58 7 16 57 7 99 66 82 49 7 22 31 82 43 65 97 98 97 68 43 7 75 70 10 1 36 91 32 100 70 28 36 20 66 36 61 39 91 30 37 10 80 21 22 99 59 70 98 14 21 5 19 54 85 10 
39 19 36 97 26 58 14 8 78 41 79 94 1 10 71 95 74 66 9 88 89 61 50 64 97 33 70 67 14 68 79 67 5 68 68 36 54 77 52 18 98 51 51 45 53 22 66 20 84 81 48 26 46 61 66 79 6 21 50 27 90 42 56 54 77 54 65 70 81 22 48 13 70 99 90 90 76 1 48 98 54 84 75 47 12 1 97 72 47 81 16 74 25 70 56 54 11 43 44 32 
22 49 41 20 12 13 96 43 50 71 10 68 86 81 36 68 90 85 81 80 5 90 46 4 39 55 58 58 49 98 62 96 95 45 82 15 66 27 45 39 51 18 62 9 22 66 86 1 56 1 71 69 88 35 32 48 64 70 41 79 49 100 92 64 13 70 8 58 18 74 20 68 75 53 87 16 58 94 59 5 9 9 50 47 23 35 50 83 72 61 49 63 54 54 72 80 72 28 23 100 
38 50 88 55 72 89 25 27 50 25 9 21 18 8 12 97 17 51 43 11 82 56 89 39 14 44 54 20 83 5 40 100 37 75 75 44 100 99 55 31 40 89 44 17 83 34 3 24 38 79 7 66 58 19 36 3 1 15 71 100 93 80 70 36 48 24 27 59 24 85 26 44 28 10 88 60 99 76 99 57 43 27 49 42 82 63 49 29 70 27 57 3 8 85 72 12 18 50 65 12 
78 99 19 74 25 80 94 44 27 2 45 45 54 56 66 87 30 39 97 84 75 17 76 17 6 92 24 63 45 41 50 73 1 5 65 78 8 67 96 61 47 48 17 42 73 5 88 10 42 64 70 39 53 49 84 49 82 12 47 78 42 91 98 87 62 56 32 69 44 71 26 25 75 56 1 38 6 13 49 53 35 74 48 41 54 20 90 45 34 45 71 89 48 6 73 90 29 71 34 70 
4 32 91 45 42 7 1 81 3 12 86 56 23 93 53 10 8 27 96 35 52 79 56 32 12 59 27 28 63 80 74 52 59 33 91 2 58 93 80 84 29 51 3 7 77 87 54 17 71 7 81 78 63 57 53 2 10 75 40 6 62 71 90 13 53 96 26 90 93 30 48 53 71 62 42 40 23 44 81 25 44 15 50 64 32 75 98 78 94 74 76 48 56 52 91 36 63 83 70 55 
32 69 96 69 27 85 76 70 84 70 39 51 68 42 88 39 74 52 16 34 71 80 58 37 30 28 50 54 78 28 56 2 49 84 69 90 95 94 83 57 58 5 96 2 13 28 10 15 5 18 74 30 24 87 85 97 52 71 95 65 18 65 1 38 56 30 53 7 8 54 76 72 15 62 54 66 2 58 18 71 27 38 25 44 89 95 7 42 8 9 94 85 14 6 5 25 29 68 13 87 
78 81 17 55 95 84 78 45 68 88 41 100 17 17 54 30 68 88 34 68 97 20 91 11 28 24 10 62 75 98 57 80 96 99 23 99 4 59 78 35 17 75 96 86 48 95 32 83 54 69 15 64 64 47 95 60 69 61 29 19 63 67 20 69 3 41 44 2 80 49 84 46 6 72 48 92 19 86 67 66 75 65 6 76 63 44 67 64 7 55 73 90 84 91 26 43 49 89 12 40 
63 77 48 82 90 1 37 69 75 86 62 49 75 64 14 80 33 25 21 40 41 92 38 36 20 65 38 40 4 80 69 29 9 91 70 62 55 95 95 20 95 53 75 75 99 20 57 97 40 46 92 64 97 88 40 77 95 25 1 10 80 73 31 97 59 89 79 60 62 6 30 22 15 39 42 89 85 53 73 18 16 36 26 95 76 97 96 90 38 19 48 45 24 41 77 41 47 13 87 74 
9 6 42 98 23 11 32 6 19 62 4 37 40 79 45 74 28 83 34 3 64 62 51 55 89 58 48 28 30 97 35 55 39 42 54 99 62 58 32 86 27 94 21 37 40 91 37 62 4 48 72 55 62 15 61 35 4 47 66 92 2 74 20 9 93 13 72 50 83 98 34 69 56 80 97 12 65 82 65 93 54 78 34 97 99 46 53 88 43 22 70 72 28 48 27 34 98 83 12 71 
44 21 79 57 50 86 19 57 71 72 100 10 74 33 50 49 62 98 92 28 1 51 76 85 19 14 6 33 91 15 45 57 80 57 100 9 74 40 97 45 65 26 77 12 47 38 91 72 64 63 86 22 24 34 28 20 33 48 91 20 4 85 62 67 1 52 89 44 43 50 36 88 98 43 46 27 100 1 74 25 66 85 57 95 86 33 39 71 8 6 6 61 16 53 6 94 40 91 60 27 
70 63 3 8 90 59 14 69 95 83 53 33 84 18 83 15 29 44 95 54 6 99 2 75 2 71 68 56 95 55 84 25 1 21 45 10 4 19 32 80 62 7 25 19 25 60 93 79 96 41 43 90 51 92 45 97 81 49 54 15 36 97 32 87 10 58 4 6 100 38 38 32 14 71 37 62 68 38 93 21 3 19 7 55 56 58 82 12 9 40 80 7 36 50 85 81 90 74 9 45 
53 49 73 35 32 94 33 15 31 74 69 12 73 46 95 1 35 42 54 27 50 11 75 70 96 71 8 26 2 81 97 9 70 41 17 32 19 25 71 61 17 74 53 54 76 35 7 91 39 60 34 14 28 23 99 36 6 62 43 35 8 81 65 35 31 62 84 73 6 23 26 23 18 7 9 27 85 79 90 20 51 60 66 38 51 34 16 46 48 83 22 66 4 7 19 58 37 98 34 75 
88 29 65 100 13 36 99 96 38 68 65 5 51 69 46 96 99 72 94 5 88 11 81 82 80 10 79 63 4 87 79 47 56 49 35 65 54 44 72 80 69 47 46 26 65 14 52 61 58 94 41 35 96 26 6 25 2 74 35 92 72 97 60 25 55 8 98 11 29 42 25 4 62 20 6 30 96 8 72 9 2 18 69 30 23 76 53 41 17 36 46 80 89 56 15 55 42 44 74 17 
5 39 4 95 65 10 67 68 22 30 75 18 95 18 70 89 60 60 10 36 37 56 33 39 52 26 7 68 17 60 46 1 62 87 35 25 93 90 35 82 65 75 64 17 72 21 84 9 10 88 46 85 69 80 59 11 98 71 77 14 14 98 98 10 57 47 84 8 66 60 4 70 24 4 1 3 80 41 43 40 66 55 92 100 82 11 80 37 39 51 50 39 51 19 37 37 2 93 35 97 
97 60 19 69 80 42 77 83 97 32 13 100 65 19 66 35 7 20 35 75 18 41 16 59 84 16 54 64 98 100 57 30 51 20 3 47 4 34 22 94 14 52 64 78 87 65 17 58 14 79 9 63 45 96 64 62 18 55 68 82 85 99 27 98 25 83 38 5 41 96 53 28 19 60 68 90 8 70 80 10 82 92 92 96 74 65 17 33 18 7 28 66 59 16 65 50 34 55 8 74 
8 86 47 38 67 96 25 72 90 9 7 59 45 33 61 44 3 73 51 43 82 16 36 15 67 85 92 61 31 58 64 36 3 60 79 9 4 23 83 58 27 30 92 73 31 25 86 5 88 49 22 5 45 28 8 38 56 65 94 61 49 31 77 71 48 55 26 99 83 100 42 30 35 34 39 93 9 96 20 58 40 35 98 68 58 56 63 2 11 77 99 25 47 55 81 2 72 9 96 9 
68 24 98 67 49 70 5 30 61 55 74 19 60 89 62 50 85 85 97 48 99 35 95 25 46 77 54 12 56 5 48 81 60 54 72 81 55 27 96 84 81 2 83 8 53 85 19 44 53 58 68 88 90 84 82 39 59 14 55 36 83 39 9 68 37 94 95 81 32 91 32 3 17 3 23 44 1 95 58 60 83 49 41 99 3 70 62 71 26 60 35 36 55 18 99 92 59 25 24 19 
15 49 31 88 62 35 4 1 81 53 62 78 97 22 28 14 40 9 40 35 98 37 98 92 79 38 55 38 71 7 81 39 26 11 94 89 74 38 19 59 4 46 82 3 14 6 37 46 48 5 14 43 9 51 72 81 79 61 96 60 92 50 65 15 56 19 25 65 5 97 69 60 12 54 20 86 31 50 92 82 80 56 77 31 77 48 18 70 51 67 18 24 20 55 22 59 38 26 17 2 
69 74 99 87 7 2 34 82 24 77 41 95 34 47 7 94 64 19 60 1 90 27 29 7 25 4 94 98 17 96 100 43 83 26 35 96 81 82 70 62 28 32 44 12 49 64 73 41 51 14 57 9 89 3 26 26 7 31 29 11 11 60 46 72 5 28 30 73 98 41 99 5 53 44 77 51 31 27 3 68 39 50 35 41 9 92 94 30 40 49 23 29 31 73 40 83 2 51 51 60 
25 1 77 7 55 42 48 71 87 92 27 79 86 14 33 53 93 58 67 28 94 53 78 13 71 6 44 39 94 9 50 5 30 12 36 72 9 85 7 29 53 23 77 53 7 77 57 98 5 96 14 63 11 41 48 100 64 91 69 20 57 88 23 49 52 36 9 45 98 69 48 64 21 21 30 29 80 59 77 95 96 57 15 3 59 95 26 64 48 9 66 70 22 42 19 28 57 77 72 12 
