100 100
38 97 34 25 18 93 51 14 63 97 70 53 85 67 7 43 21 3 1 99 2 39 69 49 67 82 5 94 16 29 82 77 44 30 56 75 85 47 29 57 98 69 71 96 16 88 12 35 71 63 13 82 52 32 52 98 68 9 45 41 65 87 76 19 94 30 70 49 85 4 29 19 51 42 24 88 91 55 31 76 29 66 38 31 69 65 91 28 73 13 43 100 59 34 13 58 69 73 29 87 
18 90 4 26 76 3 68 67 10 59 100 62 40 17 60 18 62 80 32 52 54 8 64 50 34 61 89 37 2 6 36 84 73 67 76 62 69 82 29 70 22 79 81 10 46 77 31 2 72 43 2 15 11 84 90 27 80 33 60 46 55 47 4 10 82 82 19 57 78 18 44 40 92 53 54 67 67 79 98 48 48 6 52 88 76 38 46 20 90 81 94 57 86 7 72 25 11 44 70 64 
11 83 34 6 88 55 15 37 28 6 31 63 17 80 8 11 33 80 40 1 42 28 48 46 2 97 57 61 28 8 56 27 80 68 30 94 77 33 74 44 100 64 81 84 95 8 23 65 68 15 94 94 49 37 11 7 5 31 77 87 21 96 17 2 19 44 39 65 57 7 18 28 55 78 92 65 31 87 32 36 43 56 99 48 2 89 6 4 24 50 90 97 71 86 79 100 87 55 69 50 
86 77 46 29 82 26 89 96 41 96 88 66 2 36 51 5 86 8 67 42 7 77 93 54 67 70 8 76 30 58 54 94 37 21 38 24 89 98 4 31 69 28 86 81 77 69 62 14 41 23 3 83 41 95 20 7 29 86 71 49 71 69 55 6 6 7 78 35 26 19 1 97 80 12 85 48 29 62 45 61 82 64 70 18 28 8 81 32 36 55 29 83 24 74 77 43 99 97 15 24 
59 95 51 16 99 35 42 14 65 8 13 69 99 49 40 29 53 12 46 31 23 22 55 69 59 9 17 36 28 46 68 8 26 1 8 24 26 70 7 80 49 79 45 84 78 42 58 14 99 82 18 74 22 40 4 23 12 90 32 100 96 55 42 25 79 86 39 41 47 5 91 75 59 72 32 23 65 67 7 93 22 63 26 11 92 44 56 75 14 53 10 53 5 7 43 79 34 53 52 56 
18 88 23 64 57 24 24 26 92 78 95 3 46 83 35 54 80 60 85 40 16 21 39 85 5 37 17 58 72 12 26 48 67 18 45 4 92 48 92 8 59 50 38 23 11 31 79 33 13 68 21 100 66 36 3 23 10 56 82 62 57 42 73 27 57 68 99 20 93 52 24 27 99 95 95 39 88 29 11 72 81 55 96 65 25 80 20 1 21 51 68 45 82 16 9 100 37 89 87 50 
84 27 44 97 39 42 85 4 12 85 59 79 79 96 61 28 26 54 52 93 85 27 12 20 10 96 12 13 52 85 12 12 29 81 29 6 24 34 11 73 61 77 49 83 38 21 36 21 16 80 10 93 54 61 76 7 7 25 34 21 12 80 81 27 56 75 65 70 89 27 79 60 43 54 79 2 78 12 96 76 11 86 8 59 77 83 70 65 20 72 12 20 43 72 38 41 8 84 12 87 
49 31 76 8 29 24 40 58 80 45 36 44 86 69 26 60 99 28 46 36 14 8 82 32 9 14 83 46 52 3 41 86 75 60 69 91 13 74 11 17 11 81 15 68 46 86 12 39 8 7 92 64 24 83 44 11 43 99 69 62 33 92 40 58 89 47 53 85 32 11 25 71 51 66 5 50 56 1 71 11 77 59 60 31 44 78 37 17 94 56 58 92 91 37 47 44 7 68 93 1 
80 55 44 87 6 3 24 62 7 16 35 97 96 4 50 22 2 64 75 30 32 34 64 81 2 25 98 9 51 33 85 37 62 45 50 76 29 55 11 96 31 26 88 62 6 48 76 83 31 37 96 65 37 10 34 47 55 33 14 67 78 13 73 65 77 62 100 46 38 76 89 83 65 28 73 54 99 90 100 95 82 7 1 4 32 69 26 75 69 88 63 68 70 82 80 46 81 83 45 100 
99 14 80 91 87 84 100 46 1 69 64 45 64 94 39 82 90 62 41 58 100 43 100 9 77 31 49 95 98 84 94 34 59 68 92 15 58 95 84 43 33 44 18 15 59 77 75 49 9 47 54 39 90 88 88 29 34 59 91 28 57 81 97 49 16 54 9 62 19 68 5 39 99 27 4 53 15 13 61 3 22 93 82 1 86 58 73 77 8 30 20 64 77 74 53 75 52 51 25 78 
96 54 42 47 59 14 30 38 62 52 63 100 80 23 62 51 34 36 51 5 92 90 12 60 35 44 7 99 40 70 61 11 64 50 92 34 56 31 70 87 66 16 48 46 92 15 99 71 96 83 1 79 57 1 90 37 38 98 83 94 71 59 93 36 90 63 16 96 23 61 12 36 20 32 64 48 97 50 7 19 34 98 3 68 38 17 6 85 88 98 17 37 55 96 65 27 64 63 59 8 
66 2 10 52 40 61 37 8 57 14 71 12 1 60 43 5 5 6 28 78 100 74 91 41 50 98 63 72 23 46 27 99 48 94 50 82 4 91 61 63 25 64 8 43 13 30 26 28 3 70 53 98 35 4 20 100 85 9 87 18 4 27 26 79 50 12 79 84 11 35 28 41 76 52 21 59 14 24 70 42 89 9 76 40 91 72 59 62 5 58 21 78 16 88 87 20 32 4 93 28 
5 17 11 31 29 39 39 7 56 6 43 62 36 58 41 94 34 13 72 51 97 26 1 21 53 2 86 87 86 1 90 6 99 95 29 11 1 98 88 97 61 69 71 62 57 91 17 84 31 98 30 7 43 30 100 23 44 8 55 50 20 7 64 40 23 78 65 91 42 33 95 58 75 6 41 89 53 48 41 52 23 30 70 3 93 63 61 35 97 66 98 76 45 75 8 8 54 63 9 44 
17 80 83 54 36 59 4 60 80 88 29 48 49 64 44 34 66 59 80 19 60 12 30 36 72 32 4 74 82 72 69 1 59 70 51 19 75 95 100 86 64 6 63 25 18 46 28 15 93 99 83 41 24 80 77 63 68 30 55 48 34 61 73 15 7 52 98 32 73 93 72 72 19 17 23 19 55 3 30 54 80 36 78 73 30 70 79 64 38 50 64 5 14 5 58 91 10 100 56 83 
53 78 67 99 15 23 21 5 18 91 96 79 21 94 51 45 68 31 2 49 1 64 80 100 13 40 80 39 82 58 47 42 95 20 11 95 65 78 77 30 48 97 90 84 41 90 65 89 77 86 68 30 32 89 56 74 4 81 83 9 3 78 89 27 99 42 64 97 60 92 70 88 27 17 42 89 89 42 90 80 13 40 5 11 23 78 72 56 61 16 83 78 4 53 90 34 44 68 98 77 
16 72 44 6 19 4 71 38 57 5 23 41 2 52 90 2 19 15 28 54 61 21 13 87 20 57 35 93 1 37 60 36 46 71 93 70 13 8 47 3 43 17 70 78 14 70 93 69 59 33 56 100 30 99 93 60 93 41 4 21 16 30 62 97 19 76 26 16 61 63 11 17 55 93 57 19 57 51 52 40 9 90 12 1 39 15 90 30 93 55 22 49 50 20 96 92 37 7 63 99 
74 90 23 33 72 74 100 25 36 92 7 32 5 63 83 75 75 67 72 96 31 92 35 73 67 19 61 20 78 46 11 12 16 93 48 45 88 12 80 68 61 92 63 53 52 47 30 62 19 1 84 36 33 30 35 66 11 29 94 55 45 61 80 99 12 24 73 48 53 93 21 8 52 14 85 97 95 47 24 96 15 13 76 45 17 31 2 41 11 18 9 32 50 17 13 87 32 62 42 74 
9 69 29 94 17 24 31 44 22 61 98 21 71 55 9 46 5 83 57 49 96 57 80 96 26 9 81 77 59 68 50 43 57 86 11 37 96 37 68 35 49 77 80 39 9 35 25 8 69 65 43 7 66 49 32 16 76 35 39 44 89 90 85 23 19 42 6 38 47 78 25 46 19 66 83 1 3 40 100 22 81 78 65 28 20 37 34 93 55 47 16 74 94 62 40 37 93 11 22 78 
11 83 85 33 26 54 11 68 64 21 98 40 42 24 52 95 100 62 67 11 50 87 5 56 43 63 45 55 37 42 56 73 42 15 19 4 20 27 61 9 36 81 17 2 57 46 55 28 98 94 55 81 44 8 48 26 39 59 78 26 14 9 72 38 1 56 27 89 38 27 33 39 12 79 22 37 35 35 78 100 51 80 31 64 45 43 40 26 57 60 75 56 39 71 64 8 59 42 48 58 
14 60 30 76 91 17 89 43 32 15 75 90 26 20 97 54 82 58 17 65 40 49 60 56 41 51 96 83 99 98 91 42 18 26 42 58 81 19 72 12 69 18 8 12 16 29 23 91 60 41 50 99 93 27 22 87 14 45 17 69 22 100 55 73 42 56 85 65 40 79 60 98 74 75 61 11 86 57 97 9 17 62 95 100 63 2 79 21 77 62 14 58 57 12 64 51 49 42 58 77 
32 34 91 90 4 25 8 21 86 100 75 12 44 62 38 35 76 11 80 21 43 5 62 56 3 72 60 90 78 65 99 54 22 36 86 89 64 43 46 78 80 8 43 43 36 38 90 73 35 93 30 80 3 61 89 40 74 83 36 9 41 12 38 70 60 20 58 3 87 80 83 71 4 1 80 98 7 11 2 32 23 74 96 43 85 85 14 40 61 76 50 5 97 43 31 75 90 33 11 71 
7 31 62 77 64 23 81 88 78 51 80 51 28 54 97 14 75 95 66 46 93 76 75 87 14 16 8 8 40 82 6 79 38 62 91 77 8 7 89 92 100 22 47 46 46 61 42 2 20 29 59 69 77 99 66 81 94 68 6 88 22 12 67 4 15 52 51 64 88 80 14 12 60 16 24 13 61 89 63 21 22 17 30 2 78 39 46 5 46 96 50 82 35 69 20 99 48 25 64 49 
38 85 54 82 88 83 13 1 6 59 44 22 49 29 99 2 29 52 77 24 57 86 92 54 80 64 47 53 62 15 15 78 85 11 3 37 91 1 57 97 93 98 5 31 2 9 33 95 94 38 79 19 74 6 12 63 62 5 49 60 72 50 16 15 94 79 74 17 82 85 91 17 35 11 48 49 68 3 11 53 45 90 4 7 62 98 94 75 92 71 72 72 35 36 41 24 42 68 56 38 
57 67 56 71 1 45 25 93 20 61 62 17 11 43 81 63 81 14 38 88 75 100 79 25 47 1 81 61 97 12 20 30 82 50 73 76 47 83 92 63 70 11 41 76 12 83 66 22 97 62 43 1 13 100 70 100 37 70 92 22 13 62 19 30 80 43 12 23 33 89 33 46 80 62 96 89 64 45 81 56 76 94 24 56 80 28 73 5 21 2 67 34 49 13 79 44 80 32 7 43 
60 96 38 55 36 57 74 72 90 30 44 41 49 95 19 89 98 28 47 90 27 99 36 11 75 80 74 41 79 9 49 32 98 40 85 66 59 81 98 45 15 7 42 15 3 93 24 29 64 46 43 23 88 25 17 40 100 35 62 22 22 76 99 97 39 92 2 71 7 41 87 39 2 45 25 23 16 1 69 31 17 11 61 80 1 41 75 22 81 82 10 47 6 100 17 27 65 8 17 14 
31 62 52 36 50 18 41 34 6 24 25 20 46 71 26 61 1 49 81 40 34 10 96 59 4 61 74 36 86 33 65 49 46 70 35 21 19 53 25 91 27 69 27 23 29 11 88 3 85 3 100 79 50 45 38 64 10 67 54 23 47 48 74 94 59 28 57 56 58 54 15 38 75 10 39 16 58 33 86 35 84 34 56 6 100 49 38 7 99 46 55 47 86 62 53 60 22 1 15 87 
62 5 16 99 42 39 1 32 76 45 96 49 69 22 90 6 1 96 40 28 17 46 23 69 97 48 72 10 74 56 61 14 32 81 40 10 32 31 9 36 77 8 21 52 6 3 12 72 84 2 93 82 49 32 80 19 40 45 13 10 23 100 100 23 47 61 89 61 97 72 51 25 53 42 91 49 53 100 42 40 36 84 7 78 6 81 38 86 83 43 54 80 24 89 26 60 73 41 10 56 
93 6 57 82 94 99 100 41 6 64 32 79 6 91 56 62 68 35 94 31 51 15 4 29 12 54 10 17 87 80 60 56 87 51 39 60 9 41 14 74 8 32 51 85 30 13 32 60 60 96 40 51 86 33 53 48 72 81 23 100 81 57 5 29 23 55 97 20 15 3 98 25 59 39 17 8 79 85 87 7 64 5 6 39 11 62 91 70 17 16 10 60 75 76 61 100 80 59 53 1 
2 63 12 10 5 35 52 83 62 17 81 39 74 5 15 31 77 58 80 56 31 17 93 70 44 95 89 69 71 3 9 12 100 9 93 63 57 54 94 54 81 4 45 59 3 78 59 82 18 22 51 78 5 75 67 95 96 32 24 24 36 44 43 11 48 22 92 49 9 50 98 81 93 4 25 19 26 29 61 81 15 70 55 18 34 38 99 67 16 77 9 20 58 69 9 98 18 51 21 45 
34 39 44 68 13 33 7 50 46 10 44 96 84 98 5 42 92 80 65 37 93 7 27 30 84 88 24 86 95 52 29 60 16 48 66 98 38 29 98 7 52 100 7 80 29 81 27 73 100 39 71 53 58 57 29 96 64 81 34 63 24 32 95 26 79 31 24 26 17 82 39 46 58 17 43 79 35 66 22 26 71 48 6 64 74 67 70 27 18 90 84 97 33 82 50 19 2 57 47 32 
93 35 100 78 81 34 16 76 16 71 62 35 25 22 77 71 72 11 49 22 43 28 19 83 69 11 84 91 87 6 14 12 36 70 84 23 35 77 18 43 91 33 99 19 70 94 74 23 36 78 22 31 43 51 88 13 21 43 45 70 35 7 78 18 69 19 41 6 75 2 58 42 92 16 52 76 4 67 89 22 43 32 96 5 51 38 21 17 15 19 41 93 62 23 11 15 64 52 94 72 
66 30 66 10 54 8 46 20 42 85 38 30 37 24 54 14 64 98 12 91 62 58 93 93 65 52 8 37 17 64 51 80 85 92 57 93 99 28 58 25 6 82 71 49 3 72 13 96 71 79 98 10 75 87 36 52 74 32 51 32 95 82 38 5 1 58 29 31 82 27 73 83 52 59 46 44 49 31 59 62 84 53 43 51 95 42 95 100 19 22 76 12 18 18 92 91 68 28 57 64 
12 65 48 98 24 38 29 47 41 20 14 21 13 52 55 91 29 10 90 6 76 26 70 36 62 56 24 4 98 75 78 75 83 77 76 15 15 55 9 77 88 9 27 80 6 74 30 62 39 13 28 26 53 70 53 97 36 99 67 55 1 38 44 3 21 34 9 16 82 75 95 31 53 43 90 76 22 69 53 36 23 88 17 4 14 21 74 83 59 13 56 92 93 16 96 97 17 75 62 64 
3 71 59 59 34 4 1 18 90 62 22 17 38 25 88 19 92 11 64 15 87 44 30 51 91 64 73 89 58 96 72 53 85 85 23 21 45 60 16 44 34 69 20 15 30 22 25 61 100 32 65 1 45 13 11 37 36 94 13 34 85 85 92 63 27 2 72 79 50 19 54 77 48 51 95 17 50 84 50 9 27 56 44 8 72 8 69 52 1 11 75 94 21 36 53 75 91 4 42 91 
23 39 70 96 1 11 54 22 70 26 84 88 12 100 40 44 10 37 31 47 90 39 66 65 68 46 85 94 72 19 40 17 58 26 25 23 19 61 21 82 63 83 49 91 91 4 78 25 68 56 35 58 22 85 57 8 47 56 62 42 52 70 26 90 99 74 44 58 53 37 53 99 22 58 49 98 69 82 75 33 31 18 12 71 23 63 92 93 76 19 2 25 89 15 65 85 40 33 58 46 
81 29 7 30 48 17 45 82 93 73 64 66 32 11 81 4 67 69 53 40 14 43 44 42 94 13 6 74 59 70 89 49 96 24 50 51 35 6 38 24 38 9 80 96 62 48 63 78 3 92 93 22 1 75 92 52 77 74 24 98 7 34 32 37 23 92 1 96 3 31 19 32 94 37 51 57 50 24 42 90 81 52 78 58 55 37 19 69 48 64 62 15 39 12 51 87 32 46 76 40 
65 45 96 86 45 93 92 82 63 90 49 76 64 16 23 35 15 58 7 26 61 24 53 5 1 40 73 60 62 15 64 14 6 76 24 65 31 71 68 57 8 80 100 63 29 36 23 2 93 47 69 49 23 20 28 39 9 22 92 67 58 99 6 10 18 100 84 60 78 72 99 59 67 68 40 66 27 39 21 9 36 85 30 64 34 77 4 16 18 52 23 83 14 96 76 3 10 65 38 20 
76 96 16 37 4 28 87 41 80 73 36 4 7 68 51 46 82 53 17 39 31 50 71 45 80 76 88 44 78 63 28 5 37 77 72 23 8 37 56 59 44 4 11 18 98 85 68 64 43 46 58 54 14 1 98 71 60 64 5 15 86 18 76 18 12 95 43 76 21 8 93 9 49 69 9 34 34 66 61 4 3 25 11 27 70 87 44 70 65 12 31 89 2 25 87 83 42 8 39 74 
15 22 44 73 68 91 75 16 21 99 42 57 94 96 22 59 82 27 53 39 55 81 25 51 94 74 28 9 85 25 63 47 65 6 9 44 33 16 44 19 24 36 74 77 63 87 47 29 11 33 1 98 58 44 76 14 90 37 66 85 15 81 76 26 63 89 97 72 41 70 66 49 1 90 69 33 30 70 85 24 63 92 27 45 60 82 81 74 11 26 73 80 63 59 15 32 51 48 22 27 
91 99 97 62 87 15 35 84 35 99 31 37 57 7 23 34 88 34 38 72 16 32 39 65 29 21 84 6 25 71 54 49 35 3 60 53 39 22 44 28 65 10 13 20 31 40 72 60 53 67 98 7 48 59 79 3 11 67 78 22 28 86 63 4 73 54 85 35 41 56 42 27 5 24 37 52 79 58 60 54 59 87 4 39 83 65 27 59 43 6 70 59 100 62 31 88 60 84 57 12 
57 82 54 89 20 48 58 85 50 22 33 70 92 24 51 88 85 68 88 85 78 6 46 26 82 61 30 87 68 82 74 75 39 87 12 81 60 4 94 67 52 63 17 50 73 95 84 11 10 50 52 30 86 84 55 94 17 50 82 49 46 24 13 96 82 10 38 38 79 66 42 72 26 91 67 4 60 65 72 28 51 67 15 13 83 82 87 57 87 12 22 75 47 75 71 4 19 87 40 4 
95 43 51 66 49 89 60 8 75 84 93 80 37 69 75 6 68 13 24 66 31 21 78 58 83 5 39 60 92 95 25 24 13 17 62 21 85 99 42 1 3 73 4 2 88 65 21 97 8 86 48 87 58 25 97 81 13 63 47 12 82 26 61 86 9 3 100 75 15 12 42 26 48 18 85 44 5 18 52 67 83 17 40 35 99 59 87 26 67 67 87 81 32 47 47 76 97 18 30 33 
56 15 97 28 69 10 41 58 76 29 81 90 14 78 38 37 72 49 76 43 45 49 41 28 37 1 24 26 76 58 18 54 94 17 21 91 30 53 92 13 55 48 88 69 95 47 65 43 59 87 60 9 14 88 52 88 63 72 64 36 1 8 65 88 65 35 97 47 41 53 95 71 95 52 67 79 85 34 92 7 77 49 42 38 48 16 74 19 36 24 23 43 7 73 43 81 15 33 35 71 
11 80 72 82 78 12 69 62 52 59 25 2 35 27 22 63 37 67 79 100 23 15 66 65 76 73 22 20 57 22 22 22 75 20 24 33 49 68 24 31 91 72 81 36 96 25 85 21 41 69 30 3 39 8 67 6 58 92 55 31 18 52 28 49 13 51 65 24 80 27 78 70 77 45 63 36 19 11 54 38 1 52 94 36 29 54 9 76 57 17 16 70 82 57 90 21 46 21 70 1 
98 67 70 42 95 86 21 65 75 26 10 20 96 83 16 7 68 54 77 86 6 54 41 97 80 45 26 38 29 5 35 17 25 91 77 17 26 98 83 55 26 47 72 52 12 80 57 7 68 80 4 5 95 83 66 71 84 28 5 61 37 89 51 44 19 97 53 41 100 96 26 86 63 61 39 2 15 40 16 67 70 84 64 2 21 75 35 60 69 88 82 5 97 64 53 13 81 98 76 19 
95 49 36 11 70 58 10 57 72 82 21 22 29 38 73 68 71 33 43 21 52 31 7 66 35 91 48 93 25 37 98 51 49 58 53 13 14 95 40 9 23 26 26 53 43 87 23 98 9 1 58 65 12 59 56 63 97 86 94 47 4 44 7 5 82 5 5 9 36 100 52 27 79 21 8 59 36 77 43 57 61 39 19 67 34 22 54 94 15 24 26 58 9 33 17 75 100 71 50 64 
94 64 15 1 19 15 2 95 45 67 84 87 73 86 79 92 54 11 40 74 61 88 83 26 64 20 74 44 99 69 58 54 28 47 1 77 34 75 63 92 80 61 44 30 93 65 8 97 32 28 82 87 22 5 85 92 93 77 48 2 41 77 32 29 98 97 47 79 93 4 20 50 84 97 1 62 39 60 41 11 63 43 28 41 65 45 71 67 92 2 32 60 98 62 30 11 22 42 17 23 
95 47 43 93 62 25 81 38 66 75 31 9 89 63 35 14 32 56 38 5 5 88 26 78 67 24 31 89 40 30 96 57 51 93 76 22 87 4 53 19 79 18 28 35 41 68 25 1 12 84 97 76 75 32 70 34 30 43 18 28 63 23 57 80 59 32 86 42 40 43 63 74 81 31 60 100 23 58 20 23 83 57 29 86 63 35 11 83 83 54 22 84 19 80 54 57 24 70 73 18 
66 77 86 43 6 91 82 43 84 59 37 82 100 61 32 47 58 87 66 76 48 50 30 78 11 22 80 63 68 5 42 98 24 98 66 2 87 39 65 63 53 79 9 38 31 54 2 23 25 90 71 21 64 9 4 43 40 38 83 82 95 33 27 3 22 30 25 14 37 11 44 76 8 37 83 40 56 45 45 62 76 32 79 50 22 73 31 14 93 85 39 22 75 50 59 97 84 66 70 68 
72 2 25 7 39 42 91 51 30 69 23 24 98 64 87 52 12 26 87 8 23 29 41 89 2 4 56 19 58 16 68 96 5 34 53 43 76 34 44 90 71 7 97 29 9 83 39 62 89 30 14 28 69 21 61 23 50 100 56 89 62 97 49 53 68 79 3 83 37 4 30 1 69 72 73 54 73 3 94 31 90 24 1 4 45 88 75 47 47 89 16 95 82 64 61 13 66 72 27 65 
10 13 81 55 92 9 8 42 29 76 63 53 41 97 39 5 50 12 99 65 65 45 27 67 80 80 53 75 28 36 19 76 13 97 15 82 82 37 11 89 69 47 55 76 85 94 16 14 21 28 66 93 20 9 99 81 97 1 23 12 25 100 61 57 49 19 49 46 19 92 95 44 17 79 2 5 98 7 88 91 87 51 8 82 92 91 88 97 26 45 74 22 62 13 3 68 87 93 43 90 
58 44 38 10 45 25 68 14 20 95 85 93 35 40 35 43 21 76 62 23 17 100 23 74 48 26 69 17 82 69 12 45 16 68 30 13 9 12 27 78 62 77 62 95 66 77 100 56 98 67 78 97 17 18 15 2 93 10 77 55 71 19 95 75 75 65 100 39 1 46 96 23 5 96 70 61 78 88 35 7 10 37 29 19 88 47 4 41 90 29 94 67 64 41 72 52 39 23 2 10 
12 59 19 89 36 86 48 11 13 61 89 18 29 60 37 85 71 92 64 32 80 87 24 48 44 100 20 43 49 80 23 13 76 7 20 5 19 29 37 57 9 11 59 71 35 17 25 6 7 20 40 12 29 64 4 23 56 42 59 17 9 61 32 81 99 14 6 54 85 28 83 4 64 100 26 30 67 49 53 32 22 57 44 21 77 70 55 39 5 70 86 74 47 75 64 61 88 99 89 90 
94 23 70 17 98 51 76 37 59 75 59 72 15 76 14 4 62 45 15 36 91 86 48 12 75 67 97 14 82 100 14 51 1 54 19 97 3 44 8 21 7 53 25 94 92 68 10 80 62 44 26 27 94 2 83 22 95 24 57 100 10 10 91 49 33 55 94 22 81 72 50 48 27 15 20 35 64 4 1 84 12 16 84 17 99 32 41 23 1 15 5 57 47 82 21 96 35 59 85 42 
33 79 85 8 15 52 88 95 16 25 76 82 39 26 85 7 70 94 65 4 63 66 94 37 22 61 51 81 31 14 17 70 20 77 35 43 67 66 67 17 4 96 67 88 51 88 82 57 89 26 39 38 34 53 77 3 26 100 28 69 75 31 4 26 27 39 23 92 34 95 20 38 20 87 99 20 86 89 65 27 56 21 79 87 62 39 47 82 92 38 78 22 4 73 95 39 94 34 84 67 
87 12 94 68 7 74 43 7 15 12 59 43 84 96 10 100 50 76 12 93 32 82 13 15 98 80 19 32 88 62 79 21 84 46 5 26 47 27 80 52 69 98 15 82 8 29 98 89 90 83 59 54 6 17 81 84 53 88 90 70 75 99 57 83 60 74 57 25 99 92 49 72 45 59 73 5 42 9 9 28 100 78 95 44 74 63 22 89 44 19 8 47 81 12 20 48 8 6 79 11 
36 41 41 64 1 55 46 99 83 24 24 43 20 95 67 31 9 48 85 63 55 75 42 99 64 48 95 15 30 86 4 57 60 16 55 32 18 54 71 76 57 71 26 18 41 67 62 7 77 100 60 29 9 31 11 6 41 52 71 17 26 59 74 29 72 57 77 54 40 30 85 29 50 36 90 74 15 37 94 33 15 62 7 97 25 6 28 1 89 31 2 27 45 18 77 67 29 39 53 69 
9 16 74 51 85 69 67 51 50 13 17 2 30 44 45 69 8 100 60 14 91 12 92 99 41 42 7 63 22 76 97 40 31 6 100 15 35 41 81 3 14 80 83 97 51 39 83 1 79 1 47 75 100 11 1 86 7 40 49 73 23 46 41 44 70 57 61 84 59 61 42 2 32 3 91 60 40 2 47 74 73 69 35 13 84 11 8 16 80 47 15 6 44 2 65 63 78 12 84 21 
100 62 29 72 41 55 55 94 43 73 43 18 61 96 71 81 54 94 100 82 28 75 94 66 62 39 70 34 59 76 51 24 40 90 23 72 97 73 94 70 66 79 42 30 3 20 53 78 23 73 59 19 36 66 26 30 75 7 5 67 2 18 21 71 81 94 58 55 18 82 15 25 37 61 72 63 2 46 50 5 42 51 84 89 29 33 42 79 82 94 73 84 30 49 97 12 20 12 25 11 
69 11 80 62 58 9 94 53 15 62 97 85 49 76 56 97 28 93 29 8 63 61 94 90 58 56 31 43 3 64 23 36 44 12 16 98 44 53 92 66 17 32 7 50 12 63 87 6 76 33 93 10 11 50 62 26 17 62 15 21 82 16 95 16 83 73 40 68 85 9 94 40 44 19 84 11 21 5 62 82 33 15 44 68 80 10 38 41 85 45 4 55 51 40 42 6 28 82 26 68 
66 25 80 41 86 58 16 27 73 25 85 16 63 56 67 82 42 5 54 84 76 13 32 52 2 1 93 24 13 53 48 32 91 6 100 31 65 79 13 84 69 9 88 72 23 12 74 86 10 99 59 88 11 59 43 79 37 42 92 77 89 65 84 56 42 89 54 32 74 72 15 33 27 33 55 90 68 60 66 42 65 22 35 94 78 43 19 29 70 80 96 73 83 86 69 41 60 39 21 57 
38 82 94 100 17 19 77 58 52 74 66 23 37 67 87 92 44 41 27 64 84 61 76 33 96 45 81 5 30 95 21 49 93 70 83 47 3 28 35 47 69 7 10 62 14 76 51 76 6 72 63 88 85 70 89 23 61 69 29 91 45 27 45 62 69 93 25 20 10 21 13 66 28 53 10 61 73 50 45 11 49 58 41 8 24 92 6 47 93 11 97 57 11 73 100 77 60 91 61 18 
84 79 35 41 57 39 57 10 72 87 28 57 93 63 92 67 3 46 32 59 7 79 59 96 48 42 25 46 49 50 92 76 18 76 74 7 2 100 25 8 23 23 12 77 73 33 44 23 2 49 98 5 54 85 33 24 39 58 66 33 26 2 16 4 96 37 9 53 69 82 22 69 72 15 13 14 94 91 94 1 18 61 95 49 38 39 82 7 95 90 87 99 41 25 92 91 24 70 22 100 
37 88 75 23 97 49 2 33 60 90 90 52 41 22 8 68 63 100 59 16 30 22 59 7 47 88 52 58 10 13 7 5 37 38 20 14 62 58 31 29 12 78 54 84 37 42 82 70 12 93 84 65 29 92 52 16 57 45 65 75 9 63 30 79 51 25 66 74 88 53 56 27 18 83 49 74 38 81 82 9 98 21 9 17 25 100 39 34 18 28 13 23 72 26 65 83 26 13 18 35 
53 20 2 91 51 36 42 24 71 39 97 44 93 4 23 74 92 100 65 82 80 29 32 19 80 7 82 67 64 40 16 79 13 60 51 49 8 79 80 63 37 97 75 80 56 48 75 14 74 26 52 15 70 88 77 89 56 82 66 60 66 93 11 36 15 50 1 82 15 24 27 70 41 16 17 68 99 17 20 1 75 16 10 25 85 91 15 93 11 44 68 25 6 13 20 21 59 92 90 80 
23 49 41 61 37 63 35 40 41 2 94 44 77 41 7 79 100 42 71 85 94 77 36 7 97 53 24 80 67 87 81 66 56 27 60 67 49 4 77 25 36 1 87 97 7 7 46 85 3 35 41 54 11 66 79 55 24 84 59 20 69 88 21 86 49 79 89 64 26 12 65 3 34 43 2 11 23 34 98 96 40 7 25 33 24 24 22 37 66 44 28 2 3 65 88 99 45 6 25 98 
54 27 2 74 54 97 97 45 67 8 6 92 72 10 46 26 25 12 21 77 28 91 90 2 4 71 46 18 14 34 60 34 30 75 11 53 76 32 99 10 48 8 69 59 41 66 96 86 43 23 77 91 5 80 5 74 46 77 18 73 53 34 29 2 11 21 94 88 47 61 80 65 23 97 73 17 31 32 67 15 76 20 31 48 1 50 11 43 71 38 94 24 56 92 3 22 88 73 52 86 
82 26 47 15 41 63 40 36 60 41 55 4 60 23 73 52 69 61 52 8 64 6 70 45 1 29 60 92 90 84 100 50 11 97 19 34 39 62 16 90 5 2 54 45 98 38 34 70 27 6 10 95 23 12 54 73 38 76 93 56 7 81 79 44 79 49 19 37 87 90 77 19 68 70 95 27 41 89 87 56 4 75 39 69 100 82 51 10 54 99 69 64 67 4 63 93 81 18 20 15 
86 13 70 86 52 49 90 88 47 50 53 66 96 4 14 93 50 64 21 75 61 29 96 68 92 18 59 9 77 45 17 25 2 96 52 51 85 88 57 8 37 42 84 37 53 24 31 44 59 66 59 88 45 56 51 4 44 48 96 91 84 21 95 79 80 58 16 99 86 51 27 87 21 38 24 13 42 84 61 55 66 73 23 8 38 83 39 34 3 83 72 16 86 2 31 5 17 75 65 72 
95 90 84 12 80 58 2 66 45 23 90 73 16 37 99 98 95 67 20 9 31 13 46 54 52 89 4 84 50 41 75 9 20 83 54 53 27 60 94 4 98 54 92 95 87 3 89 24 91 79 85 21 64 35 65 92 76 46 66 65 38 46 52 14 24 90 56 39 98 47 19 77 48 84 83 5 72 78 27 33 82 85 90 32 11 49 35 54 34 35 20 68 34 57 15 53 67 30 32 21 
75 8 76 72 80 98 93 55 27 29 16 84 28 44 86 57 30 3 4 66 67 10 40 66 93 92 44 70 95 55 57 17 35 4 63 41 36 34 76 75 1 90 30 23 25 76 84 12 84 99 20 68 73 67 9 78 67 85 50 80 7 84 54 12 27 5 39 19 66 81 24 15 5 25 32 15 63 47 1 43 8 17 40 99 94 42 5 34 67 21 17 26 90 85 29 78 19 26 31 34 
37 19 61 45 91 43 43 4 26 40 39 61 92 59 69 99 34 38 59 65 37 78 10 42 93 35 54 19 85 49 78 18 16 69 8 92 60 58 15 47 51 40 58 59 91 44 97 19 42 76 69 48 73 43 76 65 70 45 2 70 5 100 52 94 90 60 33 79 8 78 76 7 74 32 46 76 65 10 87 1 87 55 84 69 97 15 15 25 92 45 94 46 62 81 60 98 80 77 92 52 
81 96 86 2 12 41 50 66 77 70 63 23 86 29 77 61 82 29 49 43 75 36 24 68 19 58 52 92 41 60 17 23 50 74 13 38 20 96 69 45 10 28 84 94 34 37 76 75 20 24 14 21 36 100 84 95 62 69 8 82 94 6 69 81 31 79 86 14 7 10 97 75 96 40 31 95 76 61 87 88 87 84 1 37 33 86 93 97 57 84 90 24 100 69 34 18 90 53 81 47 
60 36 72 38 42 50 42 89 65 2 74 39 39 18 63 84 47 82 76 7 4 9 80 30 36 72 95 33 61 16 73 91 36 94 56 73 53 90 56 15 23 36 58 84 48 33 35 4 17 40 30 61 50 23 53 2 34 87 60 27 20 10 87 71 20 46 84 38 30 2 98 28 88 60 17 62 38 14 87 62 87 88 75 78 2 63 42 19 30 91 76 83 40 91 21 66 89 63 30 50 
40 7 44 48 100 81 38 4 84 27 90 21 28 59 98 56 46 72 99 87 91 46 92 66 42 33 38 74 84 38 72 6 38 96 16 32 50 3 6 100 5 24 64 59 38 65 32 6 46 41 51 5 24 39 22 98 53 27 81 60 90 37 19 41 33 8 33 58 28 56 18 18 58 18 39 68 98 23 13 80 20 67 9 98 44 94 65 81 9 43 29 53 72 59 41 38 24 88 13 74 
22 55 71 94 3 39 73 10 58 48 1 19 38 6 73 26 15 20 33 94 4 85 68 1 44 23 98 34 88 6 40 69 33 46 15 17 84 44 84 89 86 59 86 55 18 38 62 65 41 17 100 61 96 76 86 64 96 8 11 54 100 42 53 88 21 66 25 100 31 56 42 9 57 81 64 21 2 53 93 1 64 51 4 74 5 8 24 90 39 38 42 7 76 89 16 72 6 72 58 66 
20 72 33 67 84 82 39 33 42 15 24 95 42 22 66 69 60 38 49 90 62 16 94 27 94 92 69 17 36 4 73 32 55 34 11 40 51 71 2 36 68 58 58 72 58 35 37 5 62 31 22 7 53 82 58 86 82 69 47 52 59 100 79 74 80 46 72 20 60 86 16 7 27 5 3 65 86 12 93 74 12 58 81 99 65 71 11 61 95 62 33 66 37 6 21 8 64 66 83 20 
32 2 43 10 5 28 91 33 83 75 7 82 57 21 16 75 57 90 84 51 67 69 46 42 16 72 51 33 23 52 20 12 95 46 100 73 19 40 89 25 6 71 37 91 30 49 76 91 55 28 84 93 25 48 29 48 90 67 12 81 5 71 97 95 95 79 21 46 51 83 4 67 44 50 2 22 2 37 41 22 26 31 65 30 28 94 14 7 71 77 9 5 82 39 22 71 73 85 89 48 
62 43 62 42 35 35 88 57 46 41 30 71 39 10 47 93 90 29 59 78 12 88 86 25 61 89 81 25 41 51 89 14 23 24 41 49 19 62 81 24 56 38 97 17 42 18 70 26 48 86 65 73 36 88 32 27 62 71 27 41 13 55 17 26 12 94 52 5 49 44 3 86 6 30 99 59 57 99 40 32 90 77 85 6 25 25 31 4 3 31 79 65 19 8 43 49 69 76 30 10 
5 46 78 70 64 67 80 32 16 55 48 65 89 52 90 52 87 29 94 79 16 48 84 97 85 100 38 20 76 82 4 8 5 77 95 16 66 63 69 38 39 26 32 85 80 45 32 81 46 38 39 30 27 73 72 39 55 52 14 94 70 87 39 68 80 99 78 11 31 1 60 88 79 79 100 84 84 24 33 36 29 75 35 32 35 68 38 74 90 20 72 66 47 68 2 71 42 82 50 73 
20 33 5 33 92 92 94 92 98 39 40 59 56 51 90 5 7 37 23 24 27 11 83 18 31 44 66 29 60 79 20 22 4 11 62 58 68 23 89 73 92 61 40 17 55 33 61 78 10 56 65 32 62 50 70 100 32 83 88 35 70 58 92 59 37 94 17 50 67 70 52 27 30 9 70 58 83 66 65 84 14 64 16 18 74 79 51 19 56 1 9 19 88 34 42 81 23 60 84 29 
9 4 25 96 12 29 22 62 94 30 40 76 91 8 43 99 11 81 1 98 21 36 37 33 2 70 8 20 73 24 26 90 76 47 50 84 77 15 92 9 27 19 72 96 22 73 47 93 6 6 15 84 71 46 54 94 57 44 39 37 47 64 25 64 99 95 7 22 100 35 62 19 9 38 33 16 40 50 94 65 95 95 77 97 67 6 33 71 96 30 20 52 80 7 86 57 41 23 50 17 
2 8 15 2 74 26 6 58 32 30 24 49 68 81 46 59 36 82 45 35 47 92 12 70 1 55 25 40 39 58 84 36 17 78 72 58 48 82 98 75 5 86 29 74 24 46 14 22 31 30 85 72 96 98 81 80 5 68 12 92 72 99 48 69 16 85 31 36 80 59 70 12 100 67 31 30 94 13 85 36 77 28 31 79 73 31 65 22 38 70 6 58 61 2 23 31 69 90 39 86 
71 45 77 52 85 25 41 54 2 97 44 85 76 75 87 26 19 96 64 84 26 93 53 50 94 1 94 39 90 29 26 70 27 8 14 37 69 26 88 66 77 4 63 48 56 49 40 49 3 50 21 10 85 95 16 13 15 36 84 12 88 53 73 53 99 74 43 92 97 13 17 77 99 90 46 63 21 66 10 53 62 100 88 65 22 13 22 3 12 32 3 28 87 96 27 60 63 49 96 13 
49 13 11 59 16 9 40 11 34 80 74 31 39 30 11 86 49 87 5 50 11 20 86 56 100 79 82 11 27 20 53 46 9 58 33 16 100 40 58 11 74 23 62 43 69 77 62 78 17 53 62 19 59 80 49 1 6 41 9 42 26 39 99 62 60 27 63 39 35 23 27 2 78 68 63 92 17 14 21 92 9 83 32 48 21 14 14 39 69 44 12 92 47 94 32 76 19 42 32 56 
58 9 2 99 58 24 10 35 55 87 72 51 69 21 78 83 54 36 20 23 72 56 38 98 56 74 20 7 1 53 85 11 93 27 92 30 95 97 38 34 48 80 19 1 48 71 18 99 14 46 65 77 54 93 31 35 48 28 27 77 73 96 69 60 38 68 88 32 53 36 25 45 94 81 25 78 37 5 77 63 60 22 38 34 14 85 26 93 49 78 63 76 90 27 17 96 68 91 10 34 
62 78 83 93 67 6 94 67 67 36 98 49 31 93 16 51 50 73 7 23 82 12 94 6 87 84 23 82 22 5 38 82 9 50 39 9 95 20 19 63 12 26 45 87 52 78 81 23 23 54 12 12 31 70 99 74 78 97 49 4 29 44 51 33 77 7 47 19 4 8 37 91 5 96 88 97 6 89 13 81 79 47 59 59 100 75 39 38 3 72 76 51 51 33 83 72 43 74 76 40 
71 91 71 79 9 79 96 99 43 6 42 86 26 6 68 21 41 24 1 46 31 58 77 37 41 65 95 82 71 93 85 65 80 72 53 18 92 10 56 31 59 89 42 43 22 81 56 88 7 79 96 54 81 42 37 100 90 55 81 43 75 18 27 62 45 25 53 62 59 58 30 53 37 32 14 2 54 25 20 83 51 20 76 2 70 25 89 100 79 61 99 31 32 78 80 59 5 69 1 50 
32 4 66 32 89 7 59 42 73 99 85 32 99 2 94 88 28 91 67 36 94 64 95 51 42 86 88 14 47 96 22 29 20 23 76 56 53 59 56 13 19 76 80 25 76 84 73 17 44 16 3 16 77 100 64 38 62 79 1 47 22 22 68 11 22 50 89 4 22 32 69 60 56 4 3 41 59 38 83 79 26 2 13 41 43 18 20 87 39 36 47 98 73 15 55 99 59 57 63 72 
50 22 80 93 9 23 91 89 24 41 13 42 93 95 52 12 38 56 33 27 60 16 63 87 64 55 54 77 49 31 16 47 74 78 78 26 37 90 5 6 49 41 88 54 87 48 62 19 77 43 20 47 25 39 70 2 59 18 39 81 58 100 64 95 44 96 61 68 2 1 4 74 34 91 43 11 62 8 34 95 87 89 84 77 68 40 53 9 37 5 67 89 38 45 1 91 48 52 81 15 
49 30 48 85 98 64 30 50 19 25 99 61 58 95 84 88 32 25 53 76 99 84 20 100 57 59 12 4 10 89 15 46 49 89 15 11 53 58 66 57 7 30 10 29 65 91 40 76 54 47 39 30 97 72 37 67 8 55 90 10 17 53 34 60 96 45 92 59 81 58 45 23 55 65 62 85 7 69 33 83 1 35 53 83 97 57 36 52 84 29 88 35 1 93 13 61 63 7 90 80 
27 17 51 83 49 79 63 98 97 34 3 54 32 58 87 95 81 97 7 60 24 10 34 87 12 47 94 39 17 21 98 82 79 7 79 79 74 72 36 30 12 77 57 16 46 47 97 63 55 28 4 54 29 20 65 57 29 68 4 100 68 91 92 36 38 77 67 61 71 90 7 81 53 95 74 22 25 30 43 38 83 66 81 24 58 40 73 61 50 16 43 45 30 84 76 70 91 37 28 59 
42 28 29 29 1 36 85 35 23 32 94 64 2 47 50 36 4 55 67 88 9 13 55 65 69 86 10 38 31 74 6 23 50 22 93 16 87 92 60 50 26 43 63 47 1 96 31 1 25 92 64 53 14 59 8 47 82 32 22 36 93 66 86 95 41 70 93 28 48 24 24 33 22 52 29 10 74 83 66 84 39 20 32 68 55 24 16 51 58 93 28 4 90 29 70 69 79 88 63 52 
25 21 69 74 2 85 95 28 17 55 12 53 62 66 41 53 97 93 97 100 94 69 72 45 22 91 81 68 57 54 8 69 31 20 5 42 80 28 14 78 17 66 67 50 80 16 44 92 68 92 92 27 45 6 84 36 87 17 58 14 20 81 25 26 6 88 40 94 46 2 47 61 3 67 73 3 57 1 24 66 85 75 25 49 68 24 31 9 59 22 41 24 6 82 98 30 95 16 94 83 
57 94 97 42 95 65 81 63 59 1 32 26 49 92 77 41 34 97 34 70 90 2 40 80 58 35 5 61 12 81 91 1 90 69 52 48 55 17 1 63 67 50 9 91 16 56 5 64 64 41 63 92 37 77 91 32 74 57 24 40 48 77 85 24 71 31 44 15 98 67 66 83 14 81 15 46 58 18 3 13 24 73 65 62 55 78 91 25 80 18 70 86 100 98 46 82 30 46 84 40 
88 66 90 29 16 10 98 62 47 85 31 91 30 82 99 69 63 70 91 50 2 67 69 74 5 27 41 29 29 57 95 13 95 33 94 91 8 10 78 7 63 11 97 7 22 2 6 64 98 87 79 91 60 63 58 69 44 78 91 17 80 78 43 16 38 48 69 91 72 84 83 24 42 91 85 38 35 77 35 61 61 91 74 86 19 49 18 17 79 65 91 19 86 90 98 23 13 37 54 100 
31 22 81 82 78 23 45 78 94 24 81 71 11 56 15 23 20 43 14 57 42 97 15 11 24 9 1 3 46 52 18 11 94 75 89 79 91 57 1 24 87 82 74 76 21 2 88 13 10 39 4 100 27 41 15 22 54 40 91 48 21 50 68 71 4 40 81 75 17 53 66 64 23 75 27 94 30 24 15 8 5 77 90 59 22 71 32 47 62 52 11 67 54 87 50 36 3 27 92 60 
5 13 8 16 62 91 38 35 51 57 99 8 24 32 59 75 36 47 22 44 42 18 98 77 48 12 79 11 85 54 55 60 21 67 66 12 87 93 6 4 86 74 95 93 93 52 22 43 96 2 82 44 70 7 87 67 95 20 10 27 47 4 64 49 23 26 12 9 20 3 71 1 71 23 54 40 58 24 42 14 97 100 61 48 66 70 15 23 13 34 24 56 61 41 46 67 96 81 52 53 
98 15 17 98 80 89 12 40 33 4 89 97 28 42 82 40 28 49 10 45 4 13 70 54 19 92 66 56 16 33 21 68 35 93 48 70 31 84 84 2 25 63 43 26 41 85 29 49 84 11 25 50 1 4 2 11 34 29 39 39 56 10 36 54 47 13 72 39 41 8 31 20 6 43 85 76 8 53 33 89 54 89 39 5 55 54 14 17 54 44 36 100 49 73 14 28 34 80 45 34 
48 17 37 71 26 71 11 43 89 19 41 84 100 95 15 25 57 80 12 75 59 51 20 33 31 85 80 89 97 22 26 93 25 43 35 60 67 88 22 35 76 29 27 51 8 67 31 70 73 93 76 75 18 30 32 58 17 55 29 97 32 1 40 34 22 54 88 21 7 75 7 68 29 31 52 74 9 42 78 43 34 78 30 9 56 22 4 98 6 76 87 43 52 45 8 81 75 48 96 74 
