100 100
14 56 14 80 27 4 25 6 46 14 38 64 75 72 46 87 70 70 78 71 75 14 7 24 50 24 32 98 92 1 20 100 60 98 96 47 31 80 49 8 24 93 79 35 26 100 30 87 55 69 29 61 72 68 9 40 52 5 54 61 33 6 6 64 87 78 50 50 79 60 21 55 91 26 42 11 2 29 60 35 67 15 94 16 67 52 2 32 56 47 68 28 23 92 5 31 69 42 25 89 
24 5 1 41 13 17 48 17 16 99 60 80 32 85 29 33 23 76 32 72 4 84 85 48 19 7 53 16 22 35 34 76 27 98 71 50 57 70 61 52 66 18 43 4 84 1 71 73 85 41 31 92 28 89 7 48 68 59 71 8 19 74 11 5 82 48 73 17 55 51 86 83 96 50 37 17 19 58 29 100 19 71 44 49 33 100 29 4 17 78 62 15 41 68 41 24 50 36 66 4 
9 22 94 10 28 26 47 94 28 36 26 40 11 30 34 34 20 58 5 48 57 64 52 86 84 89 30 9 39 11 91 17 26 82 85 69 32 44 81 69 29 21 57 86 92 100 87 26 39 87 52 48 80 99 2 46 31 63 75 75 17 82 9 54 60 49 90 79 35 33 31 63 52 74 36 16 10 56 86 87 48 85 92 53 31 88 36 81 10 69 61 77 42 1 24 61 22 39 64 26 
72 38 37 58 10 37 66 4 40 50 83 51 27 97 28 34 61 1 23 57 72 66 14 64 24 37 69 94 70 4 77 70 86 93 61 81 80 78 20 35 68 28 70 60 67 44 51 98 43 29 5 81 8 97 50 66 45 39 71 46 75 84 4 70 23 7 78 79 48 8 50 72 52 69 50 22 9 85 82 100 84 99 49 83 21 100 44 66 26 28 60 95 69 83 53 19 41 76 53 42 
89 16 54 36 16 57 100 12 87 83 57 40 38 63 39 85 69 95 94 12 54 68 23 51 69 79 27 56 38 59 35 91 93 7 97 98 88 36 61 43 15 69 67 2 81 94 26 8 14 12 63 15 41 20 78 47 56 64 54 2 27 23 94 59 54 38 26 48 43 73 52 80 17 38 68 12 4 55 60 71 92 35 73 33 38 33 30 46 8 97 25 4 21 90 74 16 71 20 13 54 
31 95 96 73 55 65 59 25 81 43 1 58 85 83 31 56 38 1 65 9 86 74 7 24 3 11 10 15 3 76 30 15 34 2 57 25 12 50 45 78 69 9 25 51 77 86 62 20 23 89 88 17 88 10 92 43 3 68 94 86 58 82 78 51 53 54 88 73 93 57 88 12 83 91 28 40 67 55 33 16 66 74 93 94 78 57 9 43 97 71 45 41 16 3 2 44 80 17 49 26 
34 56 61 87 18 72 70 94 82 84 24 61 90 68 17 14 51 96 98 94 56 43 22 46 24 58 61 69 53 18 28 79 53 49 74 18 51 4 34 84 37 38 53 21 12 41 16 3 4 22 3 40 70 99 39 71 87 34 24 10 82 13 19 18 32 14 3 16 38 44 4 38 98 26 74 43 67 90 100 36 92 83 65 43 90 75 76 98 12 60 81 4 8 53 4 73 73 8 48 28 
86 4 47 26 85 61 42 79 71 51 64 29 39 99 29 87 20 9 39 23 55 33 34 1 46 60 45 79 59 77 39 76 87 79 64 89 32 5 33 89 85 9 12 41 63 62 3 17 2 54 25 49 45 10 64 71 38 75 94 67 27 39 91 58 67 76 47 57 8 57 20 67 59 18 85 100 61 3 42 25 7 60 24 2 31 42 13 90 9 88 63 11 31 62 53 8 72 2 57 23 
69 20 82 40 7 77 97 79 65 22 37 47 38 77 78 5 65 41 20 75 29 48 13 82 88 49 17 59 50 27 52 43 8 56 17 79 30 1 40 17 45 58 52 12 1 50 66 71 89 5 98 86 39 70 31 62 10 92 65 85 63 76 61 78 68 35 50 2 98 58 11 48 16 55 42 26 76 77 77 84 4 99 22 24 44 47 46 85 64 30 99 26 5 5 90 70 40 4 50 17 
76 19 98 53 36 98 88 73 89 61 95 40 31 22 33 19 13 99 42 79 43 10 76 79 90 17 60 21 35 61 59 75 29 8 87 82 62 95 68 83 67 92 57 3 98 76 5 36 93 6 100 49 23 31 54 89 30 31 29 50 75 52 32 25 11 24 9 45 36 55 68 31 32 91 5 84 95 77 57 91 26 42 82 98 71 12 67 25 47 74 34 54 17 39 71 87 95 11 19 46 
94 4 13 70 19 32 37 5 55 37 99 39 60 48 25 98 24 74 5 70 72 50 46 85 95 4 6 49 76 29 72 64 10 74 95 4 84 53 26 32 41 3 24 73 22 83 23 36 52 34 87 56 11 92 66 93 100 27 4 60 56 83 91 80 82 41 62 23 66 56 28 26 18 44 8 38 53 31 62 73 94 43 59 71 16 48 28 84 33 64 17 22 71 48 100 89 49 70 83 45 
45 51 100 2 33 23 8 8 44 68 23 86 2 39 27 49 29 9 5 49 80 17 93 5 25 38 77 9 61 93 68 20 1 73 100 5 2 82 77 67 87 5 17 43 36 40 36 18 26 19 21 71 66 41 37 5 84 42 44 12 14 58 24 78 59 65 96 100 56 48 17 54 52 73 98 94 23 39 67 64 69 90 48 81 15 95 23 26 100 4 48 85 45 28 40 51 76 25 16 84 
10 61 16 70 90 70 17 70 51 35 10 36 38 80 28 22 57 95 92 54 93 43 85 72 20 45 42 35 24 74 41 22 34 14 84 16 90 2 29 62 34 89 69 85 97 8 81 80 99 25 70 4 49 43 27 6 70 67 68 42 30 57 81 99 58 47 43 82 29 39 91 89 44 38 45 54 79 19 59 2 97 68 15 4 48 72 34 46 4 18 25 43 97 30 36 82 38 54 59 67 
49 61 71 53 86 57 71 51 72 96 20 67 11 53 60 58 72 95 48 23 63 10 67 43 51 28 25 26 42 58 40 24 57 73 43 15 42 63 58 29 77 16 86 96 47 58 14 34 93 57 12 93 16 26 10 27 2 32 92 62 49 69 10 21 29 39 74 10 98 30 26 62 92 88 77 28 48 50 53 7 82 18 76 90 32 49 19 71 23 17 78 59 36 75 96 19 83 74 70 54 
2 90 53 74 25 31 19 93 69 20 52 47 91 85 90 36 31 69 22 52 75 77 12 15 70 60 88 55 51 18 33 1 5 78 49 71 15 40 67 19 1 98 27 26 6 98 82 33 1 27 81 15 53 38 7 99 11 83 62 61 98 86 47 59 32 37 26 71 30 38 59 89 71 22 99 33 35 51 27 26 99 26 51 74 44 100 20 37 67 53 87 51 22 88 26 26 88 91 54 78 
49 45 74 93 74 65 56 3 9 46 85 41 33 98 63 98 62 83 62 35 9 10 1 83 51 5 9 70 40 83 40 65 3 48 41 43 98 8 25 66 68 47 48 32 67 49 56 49 40 27 19 35 66 44 89 41 81 44 61 71 19 19 1 42 46 45 31 36 80 30 95 83 64 35 63 1 81 13 80 92 74 72 14 29 82 64 5 14 5 40 1 48 94 2 9 95 15 9 27 29 
68 76 53 44 25 55 7 37 35 14 48 29 25 27 1 50 24 41 17 94 22 47 7 30 98 69 45 79 86 38 29 93 34 87 85 39 26 41 39 61 84 96 44 78 89 14 54 58 14 16 34 50 32 97 81 91 99 39 51 67 83 28 18 56 30 20 99 80 77 58 2 49 78 96 59 29 41 61 28 44 46 17 85 33 11 94 24 82 24 64 84 25 49 87 79 12 13 100 91 34 
92 28 56 74 40 20 54 72 93 40 40 79 35 13 72 29 93 62 6 68 23 60 56 91 12 25 66 89 32 78 70 7 12 48 46 38 29 10 97 99 54 34 59 49 66 48 61 20 13 28 10 38 48 71 93 80 85 16 96 70 72 90 71 65 34 46 66 98 84 16 8 60 63 15 52 15 47 46 3 73 99 75 24 46 50 15 43 86 70 88 98 13 59 1 87 27 84 24 2 93 
51 44 100 62 13 59 30 35 37 13 56 63 61 12 89 100 69 46 58 49 19 29 44 30 7 73 51 93 68 92 34 7 39 87 12 93 74 100 47 12 30 12 13 91 96 18 25 9 23 91 71 83 66 33 84 70 49 36 11 32 41 96 98 15 25 40 28 21 25 71 66 79 90 63 90 53 5 60 88 6 91 32 85 75 13 11 88 26 34 60 100 89 88 60 93 44 86 22 56 72 
67 25 2 26 75 95 98 37 2 69 24 86 79 65 74 69 6 59 69 32 75 55 80 85 80 78 18 19 25 94 10 39 20 10 78 26 96 55 68 34 31 83 2 67 14 30 58 19 73 87 56 91 39 17 17 96 66 85 54 50 66 10 59 93 53 34 43 56 43 43 17 45 35 76 96 7 80 71 80 73 25 81 15 75 37 91 97 54 21 68 13 68 20 96 96 61 90 9 3 92 
54 15 52 44 94 69 49 91 51 34 64 77 64 48 22 77 47 12 62 46 80 1 33 45 60 81 80 55 50 53 54 21 1 78 38 5 83 67 8 74 43 78 41 59 37 71 59 47 91 62 7 2 96 91 52 50 74 67 71 75 38 93 23 75 49 72 65 100 34 26 97 34 82 85 65 8 98 39 86 55 26 54 41 98 93 31 22 79 92 45 57 42 59 71 90 15 78 95 86 5 
25 35 21 74 21 42 52 74 89 55 43 81 50 82 8 25 72 59 60 15 26 37 21 36 89 65 42 79 74 83 49 5 12 58 52 62 19 94 22 97 27 76 42 67 16 60 2 27 44 71 27 91 35 56 26 66 63 33 26 67 63 12 90 86 79 88 44 19 76 22 5 11 68 47 2 80 67 70 55 80 89 99 93 24 68 66 74 35 69 57 61 9 72 59 39 64 59 5 88 6 
10 95 100 59 46 85 49 46 2 65 1 20 17 52 43 45 67 64 46 85 15 9 10 57 73 32 46 64 48 44 35 34 72 12 46 16 81 78 62 90 28 88 29 96 15 39 74 42 62 67 76 87 67 8 27 64 54 100 86 25 6 64 22 95 72 31 29 54 90 62 51 34 6 50 15 43 11 42 2 19 44 56 72 6 90 32 84 63 27 12 69 33 3 52 7 6 62 15 3 6 
54 49 38 62 11 88 20 69 62 12 71 91 87 45 97 46 97 83 90 53 54 55 86 70 51 49 81 34 34 23 96 23 52 44 69 53 97 18 52 90 9 24 41 82 96 44 21 72 3 59 68 61 85 59 56 81 27 12 78 26 8 37 39 8 90 63 58 1 14 16 81 25 100 9 5 99 34 60 24 72 21 54 14 88 6 37 14 69 86 91 42 9 8 62 27 64 51 11 34 90 
76 2 79 59 67 28 15 46 75 9 13 100 54 100 90 90 81 4 48 82 62 71 12 88 29 42 97 61 83 75 9 74 60 82 67 63 3 17 54 91 44 24 5 27 7 58 55 59 87 30 35 29 95 82 74 42 2 55 19 16 83 16 24 93 47 5 29 97 45 45 57 5 25 43 58 60 25 4 6 44 43 14 11 83 89 94 94 22 70 71 38 74 10 20 33 69 60 3 76 32 
24 13 65 4 81 50 35 36 2 88 97 89 12 28 48 7 26 42 59 77 90 16 29 93 28 69 2 61 60 1 47 64 26 3 43 90 84 88 87 44 70 17 30 53 1 39 70 12 3 42 16 52 96 19 72 67 22 68 19 78 30 74 6 5 28 4 79 99 46 25 32 96 28 53 83 1 61 27 32 26 78 41 75 42 84 12 9 5 10 3 58 40 69 11 75 53 70 28 72 71 
64 68 8 94 66 20 82 43 80 8 75 24 61 46 12 55 89 19 35 61 35 91 42 63 43 14 38 40 5 27 34 87 93 12 35 53 44 93 98 72 24 11 84 86 76 70 50 39 50 42 99 67 75 19 48 25 22 48 2 33 86 73 30 31 91 94 4 1 25 47 74 98 57 41 20 67 89 88 99 63 36 69 18 80 26 74 11 91 74 83 58 56 39 19 70 59 84 42 34 51 
87 93 38 70 41 40 34 46 18 52 52 63 73 4 45 92 92 70 71 13 39 38 84 60 65 15 69 36 35 5 40 96 36 98 59 83 2 99 2 56 51 10 100 26 83 85 62 18 71 60 20 61 85 50 27 11 68 96 17 61 61 96 97 19 67 51 92 43 30 17 53 1 38 69 25 89 100 76 100 39 98 48 49 26 28 84 32 38 49 89 57 62 16 69 50 18 47 47 70 53 
44 68 93 18 99 44 68 56 88 99 31 46 86 48 6 90 78 6 10 35 52 10 96 47 16 43 27 86 97 10 80 98 89 63 71 2 47 71 39 89 21 70 64 4 91 32 24 29 88 62 98 69 55 86 84 86 6 57 62 1 50 47 48 9 82 60 12 95 67 45 29 9 77 73 5 93 98 99 90 7 92 99 1 49 73 42 86 85 86 92 25 39 91 45 7 32 29 43 69 6 
19 78 8 83 38 33 76 66 83 68 12 41 61 79 18 38 60 11 70 36 24 73 90 74 26 80 17 85 44 3 9 63 48 7 3 26 10 10 33 25 96 60 19 38 85 41 89 57 58 2 3 95 67 91 98 21 76 61 93 56 52 99 26 41 83 57 40 9 38 53 99 39 80 7 10 29 5 35 4 73 48 5 14 13 53 69 71 7 73 58 55 14 2 40 88 71 25 92 6 29 
17 1 30 76 15 23 93 76 36 70 49 15 51 61 29 99 67 51 77 26 41 73 13 84 59 40 96 63 45 59 54 47 21 40 49 94 54 85 19 25 86 94 6 4 3 57 59 98 59 67 99 95 14 48 65 55 55 20 87 77 44 3 7 12 79 4 41 25 78 59 38 29 67 39 91 84 4 99 30 16 1 80 34 77 4 42 12 31 68 93 11 93 38 84 49 53 22 5 79 39 
91 62 6 93 52 43 50 85 62 48 91 24 4 43 97 17 66 77 98 94 62 57 7 82 23 90 48 64 92 59 27 40 25 71 85 44 65 36 82 53 100 13 30 51 71 50 21 10 23 37 52 11 11 98 92 5 94 19 45 58 11 22 29 81 37 40 78 63 70 95 55 96 50 11 27 71 63 42 96 10 70 61 48 2 98 82 34 2 36 83 77 8 86 49 98 62 68 38 69 92 
45 67 31 77 37 1 99 3 3 70 64 63 86 97 79 48 84 38 24 95 31 17 59 16 32 42 100 66 95 33 73 7 93 55 37 30 38 92 65 87 81 54 60 55 45 93 100 72 40 37 99 31 82 69 37 46 99 39 33 64 42 75 83 49 40 2 1 96 39 56 75 46 66 91 40 85 60 50 85 86 27 84 49 1 79 82 19 46 72 18 51 88 50 57 96 41 92 75 4 1 
67 62 6 80 2 47 54 28 58 52 42 97 35 98 40 51 34 96 1 33 28 85 55 28 93 71 17 32 37 17 52 72 18 71 25 74 60 26 87 100 70 26 42 59 9 87 26 26 69 69 82 59 28 96 28 77 9 5 41 43 69 60 21 29 36 80 55 11 24 99 9 15 69 72 49 51 21 65 66 12 55 63 46 45 41 68 34 71 29 16 95 82 89 82 22 88 8 64 11 22 
97 76 17 57 97 36 46 92 45 39 63 95 66 19 5 91 3 85 35 26 39 51 58 7 37 56 8 43 8 87 33 3 8 99 92 76 86 30 67 22 88 42 19 77 34 52 62 96 1 65 95 20 9 64 31 9 85 88 58 55 21 16 61 43 4 74 67 87 17 47 20 26 83 56 21 20 7 69 43 88 88 74 17 20 48 1 74 18 10 38 41 58 93 22 67 33 50 81 36 3 
27 98 7 67 28 81 83 48 52 79 66 7 31 22 7 58 80 62 43 11 97 11 71 27 50 6 95 77 29 49 15 93 17 46 24 18 2 58 44 66 16 56 97 52 60 16 73 75 25 69 98 18 70 70 68 34 100 72 21 70 31 99 26 58 33 44 40 7 7 5 35 89 5 95 83 33 99 87 36 90 54 23 74 21 97 22 13 62 92 48 97 62 28 76 17 81 98 21 2 84 
43 89 57 65 18 89 75 46 98 13 55 12 89 36 50 92 7 90 71 81 97 22 66 1 56 46 31 89 71 20 47 1 86 64 96 20 72 50 70 69 78 8 59 3 51 27 34 19 39 76 76 71 70 80 84 57 18 40 54 32 59 4 21 92 72 15 40 86 88 49 68 28 11 37 40 19 92 43 62 97 67 96 39 43 13 40 43 94 55 18 67 98 82 40 6 40 19 23 32 59 
47 79 14 10 80 75 9 80 32 74 80 58 69 76 60 9 50 76 16 72 15 24 90 5 95 63 35 92 55 37 35 8 83 50 91 1 77 2 81 76 61 20 78 88 89 32 62 37 34 44 29 25 87 32 67 91 39 55 64 72 18 29 94 9 21 7 32 5 46 100 43 49 50 70 23 72 66 74 35 81 28 59 22 47 93 34 32 48 88 39 66 24 96 75 37 55 87 27 95 3 
42 49 13 69 66 79 39 12 24 23 19 11 85 44 9 63 77 81 55 19 5 43 10 7 34 38 10 85 71 38 20 49 1 38 75 45 39 99 99 95 74 31 75 31 8 77 68 3 17 41 27 62 68 32 19 67 84 55 86 13 22 71 70 70 22 70 1 98 64 41 43 61 41 81 53 88 86 19 8 55 62 62 7 40 63 84 40 4 31 70 31 75 72 86 46 33 62 69 36 18 
42 15 82 36 99 60 6 54 25 70 30 39 97 59 53 94 13 24 85 67 48 80 63 86 20 53 21 70 94 96 18 31 43 100 28 46 24 26 84 48 61 22 95 93 48 53 2 66 35 32 29 92 18 19 27 33 56 47 40 85 62 14 17 33 51 3 29 55 52 27 62 53 80 66 64 38 30 43 91 57 67 30 85 43 12 18 71 44 81 66 18 90 99 87 95 69 95 95 66 19 
39 54 10 45 98 19 62 38 4 26 65 88 35 50 83 9 78 27 88 48 7 84 14 10 59 36 55 13 10 32 52 4 28 20 6 19 44 68 81 25 75 97 12 68 41 50 34 87 58 86 73 44 74 60 13 45 96 22 23 96 9 31 91 63 9 18 32 22 25 66 74 85 59 17 98 63 22 31 50 85 30 66 40 85 76 5 95 24 9 34 94 90 53 23 54 12 12 16 45 63 
4 44 54 60 20 62 81 35 16 48 41 77 56 57 33 8 100 14 86 23 66 72 21 54 32 85 51 94 74 91 82 40 41 3 47 58 97 70 83 32 80 57 61 93 96 85 55 63 89 51 91 59 93 58 67 45 23 8 14 41 91 20 76 83 86 15 12 15 76 68 85 1 21 36 63 68 68 36 45 6 45 37 1 54 25 32 37 48 12 33 78 12 74 38 67 11 4 72 10 20 
17 32 1 94 37 30 45 53 26 95 86 91 12 79 54 1 100 26 38 35 34 33 23 8 41 53 56 96 81 93 22 100 47 3 62 12 80 23 85 9 97 8 69 74 16 79 8 54 98 75 25 84 57 93 40 44 92 54 83 91 8 23 1 28 38 80 38 28 8 75 8 88 8 61 17 70 58 73 1 89 95 38 18 15 33 75 85 71 92 12 68 11 84 60 13 19 61 10 8 13 
39 87 29 36 62 12 41 80 81 55 85 42 62 51 7 89 43 35 42 65 86 69 53 13 33 30 69 100 27 92 43 29 93 31 88 29 73 57 21 28 24 41 23 81 83 80 74 39 96 13 36 32 12 15 50 23 53 17 92 4 91 42 32 15 41 100 14 78 26 37 72 5 69 17 84 10 93 24 8 17 21 67 95 36 56 84 53 61 58 4 27 59 60 68 63 55 98 6 28 14 
42 68 56 63 39 38 95 49 100 88 97 19 30 65 70 6 85 90 99 8 95 62 28 21 88 75 59 26 95 50 91 18 96 25 23 66 20 48 8 13 61 16 69 31 13 90 17 58 17 34 50 26 39 93 32 59 89 5 2 89 49 19 71 76 56 55 68 80 68 88 69 35 72 63 51 30 52 36 4 12 98 65 21 55 63 52 93 82 22 57 25 66 42 76 7 67 21 9 97 97 
94 58 30 97 87 21 71 17 8 100 32 52 23 37 32 40 59 94 53 43 40 53 9 10 24 42 71 3 15 35 40 50 91 62 87 3 100 27 65 67 5 10 33 49 39 47 36 69 72 20 21 22 56 41 25 42 39 19 83 18 39 78 31 75 29 24 62 77 52 5 22 52 91 80 4 8 65 5 2 81 30 79 85 51 17 20 12 41 66 57 22 26 20 50 16 14 42 86 97 86 
48 91 58 85 60 13 44 11 2 68 41 82 97 65 3 88 20 39 61 84 11 45 22 47 5 94 76 78 75 81 96 48 32 18 99 95 42 45 71 76 96 60 68 43 42 43 23 42 61 95 25 40 8 75 44 22 49 66 80 36 91 2 53 96 63 56 36 64 3 100 16 10 35 87 84 81 7 23 8 9 33 3 53 58 60 25 92 16 87 28 8 25 84 74 81 31 16 2 42 12 
9 79 49 62 72 100 3 8 7 56 72 98 88 72 56 34 7 27 90 54 71 87 35 32 18 72 8 21 73 77 28 91 86 29 42 52 37 46 51 87 90 14 39 70 84 30 92 55 72 23 49 84 35 29 93 86 58 68 96 35 76 93 71 54 1 55 85 85 30 72 40 37 57 79 74 78 30 24 54 21 98 99 24 73 9 34 49 81 76 11 42 29 57 72 3 39 61 23 15 18 
46 92 70 68 70 50 33 85 48 90 91 77 94 50 12 62 96 18 49 96 87 62 84 99 84 30 19 34 87 55 91 62 29 48 85 61 73 59 55 50 35 15 8 6 100 8 22 1 57 26 37 90 29 29 24 20 10 17 96 39 88 28 92 62 78 20 27 88 80 87 49 73 74 17 83 51 58 20 37 89 65 41 50 49 88 27 40 32 44 45 47 30 20 56 36 24 6 79 85 96 
67 54 87 1 79 13 83 26 82 100 6 13 8 63 2 52 39 36 63 78 35 99 40 29 17 1 21 84 18 6 64 87 62 31 20 55 41 36 86 16 41 3 49 17 66 21 84 3 78 99 63 51 43 51 70 77 52 52 22 38 44 98 73 67 29 38 35 75 57 46 25 20 90 70 30 39 17 86 38 7 58 99 6 57 76 94 75 11 19 45 27 23 80 86 74 35 53 63 86 49 
55 18 25 64 31 23 8 92 85 96 51 90 53 17 66 54 9 63 55 63 11 42 30 81 79 69 77 73 11 63 94 35 22 45 93 54 30 5 85 56 48 92 61 74 59 53 12 80 35 3 82 58 82 53 7 80 77 79 31 10 27 54 28 38 66 33 64 94 48 87 60 30 33 14 1 28 42 55 77 89 74 21 71 61 25 90 27 8 98 23 42 35 78 56 36 68 76 46 81 6 
58 76 84 77 92 37 69 64 96 64 78 48 84 93 92 93 8 6 11 3 99 20 25 14 44 11 67 33 91 35 57 93 75 63 42 81 33 15 65 71 27 10 65 52 7 59 46 40 50 17 38 98 74 97 5 17 15 34 69 59 11 28 66 84 86 64 83 94 86 94 34 92 82 89 24 96 18 75 51 94 87 31 4 47 91 2 9 78 9 50 81 94 26 43 42 49 53 26 3 79 
78 2 93 94 94 62 52 45 25 62 42 84 44 4 57 57 70 64 68 32 19 55 71 21 59 73 61 2 12 43 65 77 32 9 37 41 88 7 23 13 94 72 32 90 20 17 82 75 45 54 68 41 99 49 86 31 57 30 97 24 25 48 26 39 84 19 9 89 61 16 100 70 29 40 59 75 31 86 41 12 10 62 20 83 59 26 96 11 46 75 32 11 21 78 86 97 68 11 61 73 
89 63 12 83 14 90 49 65 72 12 77 53 68 58 80 71 61 67 89 78 22 22 93 29 23 76 38 25 25 54 49 43 39 95 5 68 20 31 54 60 1 97 87 56 63 54 15 11 78 45 70 75 66 90 88 9 98 23 17 16 10 4 66 59 62 17 53 79 46 97 4 47 43 20 18 16 28 57 18 91 23 82 52 57 16 26 80 38 98 53 90 75 39 84 73 58 5 62 24 77 
76 36 71 56 36 36 39 46 17 90 15 26 23 7 53 68 95 7 15 51 48 35 77 6 27 88 97 76 27 26 48 2 53 53 58 21 69 20 30 78 98 12 48 24 1 44 10 31 77 55 84 44 91 70 23 43 46 71 40 35 82 86 11 59 23 43 89 23 82 42 24 11 44 50 31 8 53 16 98 26 33 68 90 6 8 60 17 73 74 20 41 11 59 21 49 87 97 22 51 64 
44 65 88 60 25 74 21 28 1 56 48 36 7 84 24 12 81 48 47 29 74 38 33 84 61 92 99 92 78 76 76 69 91 84 49 11 41 29 75 58 71 88 79 5 45 96 96 46 55 29 62 27 44 94 67 40 89 85 88 37 25 4 83 37 63 90 66 67 34 42 38 28 64 27 88 38 31 50 64 82 50 42 29 53 7 10 51 63 77 69 97 25 88 42 11 2 86 31 6 42 
12 66 23 55 90 75 40 22 74 76 46 21 22 57 64 45 35 13 85 84 1 64 98 17 58 70 23 53 83 17 1 5 42 49 44 52 25 88 92 25 31 40 10 97 72 92 76 18 67 1 81 80 19 85 6 54 79 59 95 8 42 48 32 72 20 58 73 78 13 57 89 22 65 17 62 53 49 6 32 82 87 58 100 6 38 100 95 85 29 22 4 15 4 83 27 18 65 56 11 24 
40 89 16 41 6 30 94 13 2 97 11 58 36 6 24 16 44 38 37 74 1 4 13 32 15 16 36 86 24 94 58 18 74 11 21 62 75 15 39 2 10 80 64 17 39 57 100 48 22 97 21 27 84 72 86 7 96 79 81 65 79 78 28 9 54 64 7 100 43 85 61 43 81 7 80 96 99 7 79 48 18 18 78 6 98 76 68 66 91 38 39 20 25 93 15 68 73 69 74 73 
41 83 27 52 20 55 71 55 48 81 5 97 74 83 91 55 5 48 60 35 61 74 40 94 1 67 89 16 82 70 85 47 29 47 16 43 37 81 18 55 37 62 60 28 56 30 3 86 18 25 21 48 57 32 13 14 24 74 63 61 8 37 97 90 91 81 35 58 18 42 86 61 57 65 15 40 58 20 58 31 88 40 76 44 19 13 17 15 83 64 76 77 48 23 61 49 15 15 58 6 
70 80 81 68 38 28 45 83 10 52 83 29 74 90 94 27 65 68 74 53 87 68 20 82 100 29 36 14 6 59 45 57 49 96 66 46 80 19 78 27 71 57 34 34 93 64 17 83 16 71 64 67 53 92 54 14 2 66 71 4 45 79 32 41 76 41 23 72 77 75 52 98 78 29 60 7 4 18 65 31 75 36 6 92 15 22 30 51 78 81 90 96 46 95 46 34 67 49 11 33 
42 48 25 71 33 75 61 94 82 67 93 97 86 22 28 17 3 60 98 38 10 2 6 6 62 13 10 63 83 90 44 100 51 23 14 98 77 24 2 20 27 33 78 18 15 96 14 70 97 49 71 8 44 71 67 94 50 33 95 21 7 94 64 44 85 97 59 36 11 85 67 48 10 9 88 13 50 26 85 36 68 83 43 6 16 62 25 50 90 99 88 4 96 29 67 22 49 37 94 52 
17 78 41 81 3 86 58 44 39 97 25 51 4 96 43 98 25 36 62 49 13 36 31 15 15 36 79 20 25 59 86 24 58 77 93 67 42 3 3 28 65 92 2 12 2 20 62 13 87 5 15 66 43 15 71 62 70 90 43 6 83 47 2 21 65 35 95 6 81 74 6 28 58 2 1 55 30 42 9 98 18 13 40 89 35 36 3 74 10 86 51 58 84 63 69 35 14 93 70 80 
5 10 81 85 65 30 46 25 32 15 44 99 26 63 86 87 41 68 48 11 31 72 18 44 17 24 44 28 71 10 79 49 54 28 12 8 37 40 49 2 22 90 58 77 72 74 88 84 41 4 37 82 47 77 37 78 70 20 83 78 34 27 89 36 1 34 68 93 6 38 86 87 65 64 90 86 90 78 78 52 40 25 95 96 19 97 9 97 17 72 62 96 71 92 34 75 100 2 45 31 
66 74 84 90 75 12 83 80 30 83 78 82 86 56 18 95 75 32 8 71 77 71 70 98 75 80 100 53 37 55 7 90 64 50 19 37 87 35 35 87 53 49 28 35 25 92 46 25 86 15 19 86 39 91 7 24 45 28 35 28 34 63 32 33 96 34 93 5 96 97 68 9 100 15 31 29 46 89 51 4 20 56 93 50 37 18 90 39 41 5 100 98 46 84 66 24 99 48 42 77 
12 45 30 34 14 12 65 39 83 96 14 98 41 44 70 14 22 13 54 50 32 49 13 31 36 97 33 6 99 99 29 49 60 60 80 54 29 97 74 19 63 37 41 47 36 51 67 49 10 86 100 35 63 57 18 48 48 64 31 32 37 91 68 75 53 48 25 89 87 64 38 93 52 25 77 30 50 42 54 3 18 90 67 59 27 60 90 96 8 54 66 23 32 68 35 49 48 84 31 5 
71 4 56 49 63 84 23 9 17 89 53 43 41 60 74 56 28 39 22 26 3 46 85 4 31 10 66 59 32 46 79 22 95 65 62 96 85 96 72 94 41 1 94 30 43 62 67 31 39 24 97 45 52 44 76 34 40 81 93 14 10 7 13 94 40 96 14 1 90 25 74 16 24 73 23 10 96 69 47 18 95 74 31 19 22 3 4 8 5 70 8 1 34 66 45 17 91 86 73 25 
92 24 74 64 94 33 97 90 99 29 52 60 45 59 2 24 24 53 55 94 88 55 47 79 75 68 64 9 40 19 36 50 5 88 79 64 94 26 15 70 3 21 71 14 33 96 87 68 27 86 73 63 62 11 67 83 31 80 5 79 33 81 23 16 34 30 33 34 60 33 91 60 12 82 62 31 69 72 5 24 4 10 94 57 89 35 75 54 57 29 22 82 64 41 63 14 17 90 76 35 
55 37 18 44 93 78 57 30 62 32 91 2 75 85 14 80 21 83 36 11 30 91 9 48 12 42 16 36 15 8 78 99 8 15 83 39 26 61 39 8 16 45 97 74 37 31 53 100 68 8 91 60 7 71 4 34 69 10 59 4 46 21 29 86 79 38 37 39 36 64 10 52 64 83 83 84 15 76 57 79 80 56 13 69 70 17 16 74 78 76 57 56 10 76 20 24 83 61 84 3 
82 29 59 90 32 31 40 21 63 43 84 18 22 36 23 58 49 57 15 99 84 34 78 32 52 11 85 37 10 15 22 86 96 8 83 58 16 18 74 69 68 38 48 26 40 70 71 46 9 94 6 10 21 71 38 26 61 96 8 6 5 46 32 75 1 16 97 86 6 66 26 20 95 44 80 25 36 39 1 54 34 95 81 42 36 44 22 47 78 3 1 8 77 52 97 79 87 14 68 62 
32 67 12 57 73 8 34 86 94 88 50 17 29 81 89 23 33 44 96 8 1 30 64 79 44 88 25 63 79 79 81 52 64 10 2 19 41 48 90 22 49 70 48 85 48 12 21 1 42 64 16 66 41 11 26 50 53 47 39 35 29 29 85 39 74 63 62 4 90 100 60 26 17 40 86 66 33 34 63 99 31 29 99 22 4 92 51 22 39 87 9 44 25 35 98 91 34 72 84 13 
67 35 64 98 30 15 31 19 15 79 52 56 20 64 10 58 79 37 31 63 81 47 2 71 99 74 64 23 89 85 30 89 36 66 10 82 7 9 89 9 53 59 43 39 96 50 32 3 10 65 75 89 28 95 73 60 86 58 98 65 12 60 68 10 64 33 48 22 74 48 30 57 40 23 16 30 5 14 81 62 25 2 3 100 49 19 73 60 30 82 60 9 11 30 8 73 76 70 16 22 
8 31 39 99 35 53 12 88 31 70 72 89 97 75 41 38 45 54 52 60 13 23 84 25 14 3 6 62 39 66 29 17 75 20 42 61 96 42 41 15 91 11 19 22 90 28 89 46 43 57 66 41 97 18 57 82 100 96 60 30 45 3 59 55 33 69 67 70 51 96 90 1 82 82 50 19 48 10 28 59 8 73 67 75 23 83 72 75 64 85 14 60 65 85 56 14 26 44 96 86 
90 9 64 75 48 70 73 87 18 12 79 75 64 87 91 33 78 55 58 50 10 24 93 91 24 100 84 38 66 58 37 3 43 74 22 95 82 70 65 51 24 70 26 12 42 58 83 42 74 72 17 2 9 57 94 44 25 6 65 18 82 94 75 61 54 33 52 17 30 49 22 8 86 20 95 24 48 42 53 42 98 1 2 71 44 50 61 97 80 13 100 88 52 50 60 97 63 80 14 23 
62 4 14 59 68 64 23 45 82 78 54 53 82 30 12 87 47 88 97 80 88 9 62 60 41 22 4 67 66 32 88 22 7 91 81 96 44 44 24 17 24 33 78 42 23 20 8 91 74 41 53 35 47 17 25 81 44 96 42 71 18 44 72 95 95 21 57 32 4 11 56 60 66 69 95 92 5 59 56 76 92 72 61 71 8 83 16 44 59 32 49 12 3 74 55 78 24 78 79 90 
90 65 25 85 10 96 37 61 25 87 34 41 96 43 84 17 54 75 18 51 60 4 12 81 3 53 85 72 29 31 99 1 65 56 11 3 42 46 20 19 70 23 32 7 3 1 3 17 86 6 56 31 6 6 100 37 38 59 10 21 3 56 10 18 90 48 7 34 52 84 19 91 81 30 100 89 48 14 2 15 2 61 92 9 47 50 31 92 6 47 11 31 86 68 64 65 95 19 67 57 
79 38 38 45 46 16 74 99 95 46 58 56 40 67 37 53 100 55 21 31 24 70 55 95 55 92 17 6 18 80 58 92 54 27 42 94 52 84 63 20 14 45 14 97 29 87 31 71 99 48 91 29 93 50 9 13 35 43 27 59 55 91 30 65 85 95 4 78 33 53 100 46 91 83 37 81 62 71 69 26 56 9 61 46 21 65 80 60 100 37 80 47 30 33 88 28 69 35 72 82 
67 12 68 70 76 42 76 47 46 82 44 1 84 25 67 16 30 78 87 35 46 29 17 33 1 47 85 55 14 26 20 43 9 74 39 4 65 18 46 11 32 71 85 19 83 86 59 43 71 77 18 56 27 77 34 46 20 18 56 78 59 17 81 3 64 72 92 38 99 16 88 27 5 51 57 7 8 2 6 59 87 73 57 64 91 90 72 77 79 61 31 25 32 86 57 23 17 90 76 12 
9 85 15 49 41 90 70 36 71 65 72 74 88 58 33 15 49 59 64 18 86 81 33 12 75 54 2 16 10 44 4 85 50 36 62 95 82 53 30 38 70 48 44 62 16 43 14 63 20 17 40 67 88 43 21 50 39 23 7 23 54 30 64 73 10 87 24 84 1 66 83 94 20 66 93 1 81 77 36 74 22 6 67 3 6 22 83 18 60 79 45 29 55 48 38 59 77 48 91 96 
56 42 96 76 59 47 84 75 46 24 28 41 9 50 79 75 38 16 45 30 57 21 74 13 5 32 11 86 82 17 1 48 89 36 36 55 6 77 58 15 90 100 33 75 88 53 4 99 67 42 65 98 39 42 91 63 86 37 54 95 25 76 2 52 28 68 85 33 20 4 21 41 51 94 17 62 14 95 44 18 26 46 26 62 39 38 19 88 19 29 79 91 34 36 89 70 64 49 12 34 
66 70 90 22 35 62 53 24 60 13 82 48 14 44 38 62 74 59 58 28 9 48 43 70 47 91 56 95 20 46 65 84 18 64 14 89 88 45 73 75 31 14 2 57 26 85 83 36 61 31 63 38 70 76 94 50 77 58 65 42 73 77 87 1 93 88 65 6 33 92 21 95 29 18 49 27 85 12 99 75 68 32 97 57 43 75 70 18 73 56 21 44 16 12 52 16 29 90 24 59 
9 35 55 95 80 68 31 18 89 56 37 46 41 47 62 2 36 37 4 34 87 86 58 70 3 48 35 27 67 85 1 45 22 38 42 18 85 66 97 92 37 50 86 3 89 62 82 29 34 12 84 29 47 81 33 29 60 15 50 90 65 30 20 73 70 96 66 79 8 39 51 52 54 67 39 88 49 37 36 62 31 53 98 62 22 77 67 73 45 62 24 61 78 63 76 96 78 59 59 26 
39 59 33 52 49 73 55 18 89 54 67 54 20 100 9 61 54 98 4 4 96 56 87 46 32 16 78 97 88 24 5 62 65 34 91 2 26 95 77 78 48 47 73 6 98 30 66 24 56 68 81 19 12 13 71 57 93 55 43 97 7 39 97 85 18 89 92 83 92 41 93 96 1 78 33 38 47 77 95 6 5 14 71 16 36 73 52 79 35 93 69 92 21 79 34 5 45 51 20 67 
87 83 67 74 99 27 14 72 99 3 52 30 99 60 28 25 46 4 74 23 92 85 93 36 73 54 59 24 24 17 99 66 30 73 15 54 43 4 47 67 34 98 77 43 4 57 3 69 6 68 35 25 74 90 82 65 43 24 93 86 16 68 94 19 42 66 7 78 45 5 58 88 24 61 70 5 16 64 34 69 27 87 54 64 96 47 54 61 12 62 50 58 60 43 74 11 38 46 25 33 
57 9 53 72 89 99 35 51 50 15 80 62 64 36 44 45 82 97 85 18 72 6 5 27 84 87 10 42 28 46 14 82 70 52 6 53 40 55 71 87 47 13 38 85 62 92 94 9 19 62 97 89 15 32 96 29 6 60 58 79 58 38 92 65 47 40 63 54 39 90 14 62 39 93 70 61 42 65 43 91 13 43 93 76 31 19 96 57 6 48 58 54 76 74 76 100 4 90 55 46 
70 16 28 31 44 95 7 48 58 62 3 80 32 87 4 39 88 38 19 27 63 86 92 54 43 44 75 25 9 39 16 39 45 33 61 98 80 11 18 52 14 58 57 78 68 74 3 25 63 98 17 81 36 76 84 40 28 7 83 92 89 44 37 93 51 14 6 59 65 69 40 99 48 74 43 48 62 97 64 97 27 10 51 3 2 33 1 28 51 86 54 32 96 3 92 65 58 98 16 96 
16 19 89 73 95 42 81 48 62 59 55 18 60 76 37 67 91 61 22 31 52 5 49 99 67 40 94 43 86 22 50 74 66 23 3 18 44 59 30 12 86 67 78 72 9 18 63 97 75 17 68 52 98 60 11 47 5 42 91 65 55 67 17 23 60 17 3 7 54 84 15 77 6 95 54 95 58 4 26 39 45 64 81 47 89 55 52 11 21 100 34 38 87 15 30 6 2 1 16 28 
98 44 37 43 83 45 40 47 17 57 2 54 95 33 22 51 40 50 7 4 67 93 24 61 78 89 48 60 15 36 61 87 50 30 97 86 89 97 50 70 42 87 60 67 22 77 9 38 97 77 98 44 93 97 8 2 87 14 36 33 88 47 26 87 76 5 52 44 65 42 27 88 48 90 9 17 21 41 91 24 24 82 57 33 61 27 77 15 53 84 75 19 41 95 89 95 79 100 90 20 
21 54 38 27 72 27 34 14 15 19 63 88 79 30 95 94 14 51 63 24 6 87 43 50 73 10 100 78 94 6 77 61 83 94 78 57 75 85 85 20 66 63 82 56 62 83 48 1 11 22 9 92 86 44 99 47 57 58 62 93 58 1 12 13 94 88 31 47 28 3 97 33 50 11 99 9 6 21 24 22 50 55 61 12 34 61 47 12 62 39 85 63 58 86 3 30 17 75 92 89 
12 43 85 78 32 50 35 52 14 55 86 12 6 39 42 31 100 44 70 21 25 16 79 93 22 54 89 6 86 75 23 44 69 78 39 72 57 33 7 31 6 92 87 94 63 83 96 68 76 18 98 40 68 4 59 54 3 17 41 83 21 63 11 30 11 26 5 78 10 70 58 59 91 2 95 48 49 44 74 62 80 94 48 96 43 58 15 1 36 86 90 58 96 10 92 23 74 11 9 11 
89 43 99 99 81 41 84 74 71 82 45 54 49 42 57 36 7 92 63 57 98 89 31 54 36 93 64 84 11 78 95 46 89 74 81 65 22 40 85 65 73 86 18 50 6 14 87 22 77 49 49 86 40 92 43 21 93 64 5 74 56 71 68 67 96 92 24 41 51 13 39 99 60 58 28 51 46 60 93 62 36 94 70 47 94 34 55 84 3 20 92 83 79 88 19 33 63 44 84 24 
66 30 52 90 34 94 29 35 6 42 20 100 73 99 25 51 15 66 65 6 71 2 81 29 19 7 41 84 36 24 93 91 80 55 82 50 35 18 3 88 45 14 94 82 75 41 94 1 73 32 4 45 63 62 61 66 57 28 50 92 93 31 75 21 76 82 50 21 41 3 77 50 88 45 97 62 64 89 82 27 32 48 58 85 6 60 32 54 60 34 21 26 48 16 16 73 30 33 20 45 
95 49 92 82 96 12 32 45 39 51 94 91 63 89 17 40 22 12 6 40 22 16 40 38 94 53 95 46 16 55 7 49 36 97 63 74 58 52 29 33 20 78 96 16 71 92 8 81 38 55 12 64 4 11 33 31 63 84 89 81 39 67 24 87 21 3 8 57 54 76 33 25 73 9 52 4 2 84 5 54 22 4 59 63 59 79 79 49 100 58 40 37 82 7 10 53 4 71 52 36 
35 87 92 13 69 96 58 94 55 44 80 45 40 23 70 43 91 44 27 41 54 90 41 36 31 49 74 59 25 87 87 24 32 12 69 48 76 62 9 8 71 53 13 64 29 53 45 97 6 67 93 13 45 52 20 79 28 93 22 96 11 58 77 81 67 34 88 22 74 19 19 2 53 61 86 2 47 99 67 41 66 45 8 45 35 6 58 12 96 78 31 66 85 74 74 7 68 69 29 23 
87 11 52 40 16 21 32 70 14 67 100 89 42 22 83 19 39 70 61 27 65 72 8 25 15 10 76 92 1 64 86 12 32 51 97 29 52 71 96 76 2 47 25 12 29 35 43 83 49 9 30 87 71 45 4 71 59 52 91 25 38 93 85 90 53 44 68 34 57 71 38 15 34 37 80 50 54 19 90 68 86 10 15 27 76 82 29 10 74 10 34 66 90 37 100 74 74 76 42 76 
10 60 20 98 60 36 100 66 39 78 62 35 56 26 20 24 48 21 83 72 38 66 50 45 21 42 18 15 75 36 66 34 84 61 37 33 21 97 51 26 33 6 82 54 2 33 50 22 43 79 43 75 93 26 42 76 69 25 75 51 42 71 40 36 62 9 50 9 28 16 61 93 49 90 43 96 6 50 15 58 73 50 14 97 75 8 92 38 87 92 91 51 78 47 80 56 67 21 36 5 
70 85 52 69 43 88 17 67 58 69 24 59 88 4 40 54 58 88 27 42 90 37 85 49 46 67 90 48 24 62 63 5 87 42 52 81 68 48 98 85 10 63 72 13 97 51 80 91 72 24 82 83 99 85 93 33 39 60 7 46 98 55 1 91 41 42 35 63 26 49 49 24 25 72 50 77 68 79 79 8 4 59 84 30 85 57 35 42 98 50 71 53 48 65 8 70 7 12 46 73 
75 100 98 57 8 11 89 92 39 70 53 75 56 71 43 78 55 89 79 74 74 74 82 93 46 82 40 9 14 13 33 73 66 64 61 84 58 55 82 4 25 42 43 50 48 2 66 40 66 22 21 89 88 99 86 50 40 85 62 80 86 15 75 86 41 85 4 23 63 31 43 71 61 53 77 54 69 90 7 93 68 62 30 16 52 83 38 23 1 6 50 46 42 69 12 92 2 56 52 12 
5 87 19 60 66 33 14 14 30 50 64 4 43 31 79 14 19 80 86 36 33 47 100 97 54 73 11 76 71 40 4 91 38 67 88 11 4 74 21 4 45 86 25 19 41 16 16 73 86 19 20 8 64 58 2 95 62 88 65 47 2 86 60 48 14 32 50 12 30 91 10 1 7 28 75 86 9 19 19 1 15 83 78 1 56 12 45 79 48 63 75 68 44 43 57 43 54 67 93 1 
88 84 96 31 76 31 36 70 26 91 60 100 80 62 88 65 26 35 17 31 88 61 79 18 42 100 42 6 94 50 49 78 83 72 38 19 25 68 32 45 87 27 51 74 87 71 80 76 86 30 30 32 63 96 6 87 17 48 26 59 57 53 84 13 57 82 31 70 1 59 2 17 49 46 63 37 61 55 40 70 72 94 59 38 69 2 64 19 70 49 44 75 11 79 12 28 2 24 50 1 
99 55 84 37 10 78 9 63 48 64 20 72 88 57 88 88 4 7 92 85 32 44 8 21 71 98 58 73 12 28 67 39 49 63 11 34 70 56 12 31 99 31 66 48 40 86 49 36 62 75 2 32 38 31 63 60 56 27 6 91 92 36 47 89 13 8 73 76 72 89 29 66 35 14 2 46 14 22 38 91 4 96 9 5 25 79 8 1 21 6 83 71 67 1 45 15 35 26 79 45 
