100 100
5 68 68 60 68 42 8 90 9 52 86 47 85 5 40 97 93 53 48 67 11 38 52 58 41 48 45 91 54 6 41 66 87 83 21 72 3 47 41 19 41 52 91 82 96 5 47 44 77 100 8 26 47 96 84 96 4 52 66 20 85 47 82 39 85 88 20 40 37 50 81 70 42 73 71 75 32 45 33 37 20 94 70 52 39 75 36 11 99 46 88 73 72 87 79 6 73 43 93 85 
26 43 75 45 50 50 30 1 47 19 93 77 31 15 16 95 64 64 23 61 78 51 21 52 57 92 49 72 68 77 29 35 22 58 80 60 51 69 49 3 98 65 4 82 78 83 45 4 99 92 29 93 47 51 65 15 23 21 14 53 20 53 34 61 42 28 46 18 11 37 6 93 89 56 13 4 95 31 98 29 21 28 50 58 11 74 33 40 54 13 58 51 95 1 2 45 23 16 29 57 
74 80 47 8 55 19 45 78 89 19 33 60 33 14 37 10 74 29 94 69 7 63 94 17 72 33 9 19 20 10 7 33 85 84 81 8 27 86 59 49 49 76 87 76 52 16 38 71 50 54 46 12 85 89 14 47 85 97 84 88 55 72 50 71 43 60 79 63 96 23 43 49 73 36 46 88 20 34 36 79 91 47 14 34 59 74 30 84 69 20 23 61 99 18 68 85 30 61 99 57 
64 34 5 24 31 12 78 13 38 36 20 48 71 5 99 16 18 31 46 68 5 9 51 34 83 35 81 79 64 50 95 70 50 51 27 60 75 31 96 5 37 58 49 26 98 14 34 59 85 7 100 18 83 21 19 16 94 90 16 20 1 79 38 34 89 74 64 15 81 82 44 34 98 49 4 95 49 30 15 54 47 28 71 96 23 96 16 20 41 70 13 64 91 76 33 55 32 74 71 72 
64 34 88 53 18 19 54 34 6 7 12 84 43 24 74 70 100 75 12 31 70 32 81 100 62 38 12 2 15 2 52 29 60 48 42 12 2 84 60 17 28 32 44 11 21 7 74 68 65 27 83 59 59 6 64 34 38 86 16 50 68 64 31 96 38 53 93 9 29 92 36 82 82 62 66 55 90 23 8 87 21 21 14 79 6 79 27 27 78 33 97 50 55 80 22 29 22 88 95 100 
87 93 16 93 31 20 41 30 17 45 33 43 12 79 36 83 39 9 71 27 90 4 15 81 55 67 22 7 97 5 11 6 66 46 4 18 7 64 15 82 67 87 63 22 3 74 77 9 29 64 2 92 81 2 27 19 99 56 35 50 40 99 69 52 98 77 82 32 22 74 46 6 63 80 88 85 26 38 90 21 74 28 18 39 10 7 61 38 20 65 11 28 89 16 46 27 58 97 99 38 
28 63 83 10 85 7 51 43 68 16 39 94 65 76 32 21 68 63 29 44 68 75 67 69 3 50 59 13 29 89 82 76 90 42 46 60 47 24 22 16 52 7 50 74 22 4 35 99 68 4 68 82 72 78 42 95 100 16 58 22 54 97 90 53 54 66 32 78 82 28 42 40 73 92 19 60 64 29 83 96 17 51 16 24 75 74 97 57 63 5 4 50 31 29 90 55 5 12 42 17 
49 57 41 27 97 100 75 43 36 8 88 84 68 33 80 87 83 74 71 65 89 72 100 16 95 31 85 27 99 99 65 73 46 55 55 7 12 36 10 90 13 95 44 98 31 94 51 50 34 58 4 5 59 26 95 31 38 42 49 27 58 67 44 33 11 3 90 93 50 86 44 5 24 27 9 71 37 89 72 98 9 60 1 40 35 76 78 39 9 83 43 99 83 54 34 33 16 43 47 27 
66 19 39 45 63 43 62 97 64 46 46 13 56 91 41 14 63 44 88 100 49 43 60 96 88 86 15 16 84 56 35 10 4 83 67 100 48 52 58 99 61 25 25 13 31 60 94 85 24 72 79 14 1 18 37 18 85 20 82 77 26 64 23 88 62 45 85 87 50 41 78 62 53 78 85 62 77 68 40 24 82 2 29 59 65 81 72 96 63 2 52 64 12 41 15 48 27 70 33 18 
26 3 91 57 96 50 83 1 32 4 27 25 27 73 11 93 12 81 79 78 1 14 11 61 80 77 46 34 68 40 62 55 23 36 25 7 73 76 99 50 31 46 72 49 71 82 51 87 95 56 35 97 78 46 48 100 25 51 49 83 14 50 77 40 42 1 60 77 25 97 30 31 33 100 73 72 97 70 43 31 36 72 99 48 74 66 23 76 76 23 91 10 68 28 98 29 15 15 47 87 
17 75 26 26 65 13 58 80 3 23 70 60 43 46 100 38 100 70 59 21 12 74 21 52 72 35 66 95 84 81 91 13 7 35 87 94 67 84 77 64 80 95 47 29 81 78 70 90 87 85 72 78 13 72 44 77 7 99 65 67 17 12 97 42 42 18 91 76 31 9 36 28 32 31 56 9 69 30 10 36 8 44 88 89 60 96 59 6 42 60 28 68 12 34 89 93 98 94 62 56 
60 74 72 64 34 24 27 91 16 69 81 89 62 32 64 94 40 55 43 59 15 64 72 6 47 16 40 31 53 29 50 72 14 42 96 84 50 96 78 59 90 75 97 75 89 47 13 4 39 68 12 48 27 34 29 69 34 27 66 41 52 49 35 90 90 50 6 54 47 20 23 59 54 27 73 76 9 84 51 44 14 31 91 9 67 68 95 64 87 75 96 9 76 31 2 20 69 96 35 90 
40 91 52 33 11 68 17 13 7 8 8 68 23 43 35 21 88 79 27 8 11 64 38 75 43 30 56 5 22 53 43 15 41 56 59 61 94 70 30 40 29 71 7 61 43 52 24 83 87 30 11 3 98 38 90 50 5 89 10 42 95 14 10 41 8 3 66 5 22 52 85 84 87 48 14 65 59 100 69 80 9 6 1 66 74 81 86 72 23 27 83 91 56 65 48 53 96 67 24 43 
5 53 93 43 82 13 6 80 13 91 4 12 7 13 41 28 20 27 29 35 58 64 41 71 48 34 65 87 85 11 82 59 65 2 95 12 79 11 86 9 39 6 32 56 31 26 66 10 83 46 38 55 6 14 52 59 7 27 77 60 70 51 18 88 67 2 94 67 75 23 40 21 41 50 9 1 92 79 26 38 46 34 85 54 92 57 11 95 98 71 42 56 26 97 70 67 71 74 47 13 
92 41 3 33 50 32 83 5 65 48 90 8 55 50 75 47 54 94 10 50 42 3 29 71 69 62 40 1 20 31 37 71 71 23 26 70 24 30 17 37 84 49 86 56 41 59 27 95 77 21 4 35 1 31 95 34 44 31 10 60 34 26 62 75 96 4 19 56 29 57 3 49 52 14 69 79 38 79 30 59 83 55 90 19 91 48 8 17 37 17 63 63 76 68 61 2 13 91 97 36 
49 35 52 33 4 73 94 33 60 90 99 24 65 79 11 58 70 82 90 96 98 18 47 72 68 84 40 44 24 36 91 87 49 68 12 99 24 51 63 16 62 69 39 97 57 10 82 49 59 79 11 73 23 72 40 80 79 7 97 31 70 13 41 40 21 56 40 26 44 58 53 77 25 71 72 29 89 5 93 79 23 35 47 90 18 5 77 11 5 37 48 10 24 63 61 3 1 6 14 88 
39 6 74 71 66 21 65 14 97 27 68 57 83 34 92 83 69 85 12 53 88 32 69 66 5 43 49 20 6 30 80 28 28 4 76 42 69 22 65 53 40 82 99 91 94 19 61 19 93 59 81 4 11 75 70 68 100 73 67 23 76 62 23 62 43 44 35 35 75 97 66 92 98 19 44 48 78 98 73 36 28 76 44 44 8 76 26 17 89 69 71 58 10 18 85 31 96 37 2 32 
67 78 55 83 68 38 48 4 90 84 45 84 83 83 67 58 39 89 13 52 88 71 85 13 1 41 89 69 55 100 25 62 10 76 40 2 79 90 68 15 76 76 51 45 14 63 17 49 13 50 28 87 34 61 71 53 49 85 74 82 50 65 87 43 51 80 40 55 8 85 54 6 15 83 23 79 65 2 86 12 90 42 79 65 28 4 98 21 29 95 56 62 13 8 56 43 84 51 52 52 
74 37 3 54 44 23 99 41 65 83 79 9 46 71 95 22 89 41 1 24 17 35 74 8 63 59 7 27 2 25 6 44 98 46 83 11 86 11 79 10 23 94 57 45 65 42 83 3 69 42 62 18 90 100 23 92 38 27 67 63 70 64 4 6 55 15 86 81 39 98 24 12 62 42 1 55 84 65 74 10 79 15 51 22 43 45 74 86 9 2 57 91 28 20 60 75 89 92 18 75 
51 70 47 43 25 23 18 42 73 31 81 64 54 46 45 16 86 18 64 50 77 92 45 83 88 5 56 37 28 50 12 92 7 90 28 39 21 18 31 18 17 100 28 37 43 45 22 56 69 21 56 38 69 8 80 82 22 3 5 56 68 87 41 16 45 30 65 99 26 93 50 63 21 3 62 70 7 54 63 87 70 80 14 21 80 31 5 50 12 44 73 95 83 5 33 20 2 16 60 70 
86 92 61 66 29 87 12 27 1 28 12 60 61 79 12 98 84 30 28 59 15 89 28 83 54 93 19 81 67 90 12 88 36 27 38 39 83 76 61 70 78 59 70 65 7 10 22 38 71 32 39 95 66 24 48 25 45 20 33 13 59 40 49 19 17 21 62 22 62 43 48 25 70 9 29 76 41 92 1 6 66 46 93 49 15 24 3 67 23 14 5 81 41 13 46 93 76 63 32 96 
8 10 5 56 39 31 63 66 37 100 60 3 4 100 34 15 82 44 39 74 93 99 89 70 58 56 44 47 65 75 65 76 79 51 90 30 78 49 65 41 29 91 79 19 66 66 24 98 75 96 63 34 21 100 27 61 26 20 57 38 83 1 62 12 50 24 87 84 78 47 45 37 16 93 82 63 97 38 98 79 21 2 65 12 55 3 80 52 59 100 53 35 67 58 3 79 74 34 84 14 
36 45 12 56 26 85 57 54 7 3 14 22 40 79 89 87 9 81 3 99 67 95 85 54 38 56 66 22 19 68 39 56 27 12 11 60 78 52 5 34 4 3 66 91 18 55 67 70 58 16 94 39 11 95 48 4 89 32 46 57 34 61 48 67 72 30 38 86 82 12 94 97 61 90 42 26 25 25 25 22 66 98 98 15 54 31 13 36 66 41 67 66 24 52 49 65 21 16 45 13 
6 39 99 48 55 18 27 14 90 63 51 22 46 63 19 36 62 24 38 88 91 12 97 82 35 73 83 93 4 14 56 98 2 78 45 32 7 93 32 44 52 56 69 77 98 93 6 76 89 42 44 57 7 16 13 5 41 11 64 90 51 62 8 80 34 58 67 12 91 26 85 100 64 95 10 96 8 17 76 50 15 34 27 29 54 24 85 23 54 27 68 66 66 44 18 4 9 70 5 10 
27 41 36 57 67 16 98 50 83 100 72 75 25 17 21 42 55 19 4 73 6 60 95 54 40 35 11 48 37 62 28 25 34 94 77 20 21 4 65 16 23 60 66 61 56 98 57 34 12 64 91 61 22 47 18 36 17 46 61 24 56 31 84 71 19 22 26 93 71 14 73 35 46 90 57 61 5 18 61 72 15 74 79 76 62 25 56 45 73 24 31 16 76 86 5 23 73 90 30 4 
91 39 4 35 54 80 13 56 50 41 58 4 90 76 31 45 63 74 56 68 35 90 40 99 98 62 73 94 27 15 55 77 93 61 4 1 58 89 52 97 29 66 54 14 24 90 90 99 8 57 87 21 54 24 39 99 49 1 72 35 8 83 16 91 93 6 64 80 59 4 45 25 9 90 68 26 98 96 62 2 12 60 33 87 42 97 89 75 54 89 97 73 81 27 1 60 72 52 100 75 
16 33 41 47 20 84 25 64 19 24 85 78 75 12 66 8 98 67 95 22 83 94 80 97 97 89 46 51 52 17 3 7 65 83 48 62 37 78 26 11 90 3 27 16 58 23 72 4 3 22 42 20 5 53 92 53 32 13 65 16 8 27 65 93 21 17 90 84 33 84 77 27 41 94 23 40 14 86 83 47 77 12 10 11 85 16 86 10 7 1 76 4 100 48 84 65 17 94 48 70 
26 60 3 95 89 100 90 10 65 57 65 50 10 94 54 70 55 8 46 63 46 33 52 25 22 93 75 67 79 73 64 19 31 44 97 61 33 89 43 8 61 85 20 65 64 52 87 22 34 93 86 54 11 88 47 34 31 73 75 3 60 50 12 55 58 37 28 64 28 96 28 29 10 46 75 42 56 29 83 36 59 68 38 13 67 85 88 65 27 60 69 85 10 65 71 31 87 90 85 86 
97 26 27 73 97 74 89 9 29 22 87 59 47 27 3 39 45 1 61 15 11 4 69 39 14 55 65 77 61 2 74 24 14 97 85 99 72 88 81 68 2 76 89 93 80 79 98 6 12 4 33 39 29 4 65 53 76 91 8 3 6 94 20 38 44 47 29 38 74 12 86 16 77 81 56 84 84 45 88 85 29 79 27 12 75 29 86 8 24 87 44 22 81 47 73 64 31 52 46 30 
73 91 64 67 15 27 88 91 100 21 9 10 46 76 64 23 66 40 26 11 3 4 80 52 42 80 18 19 40 17 88 40 57 90 67 26 9 29 18 98 29 58 93 95 92 20 47 35 24 11 83 71 48 1 52 15 31 100 90 60 50 67 55 82 20 62 92 56 42 70 47 71 4 23 57 30 23 99 23 15 34 67 65 33 45 79 78 7 60 3 40 29 78 86 99 11 79 35 9 83 
10 89 69 8 36 82 97 46 16 55 86 43 27 67 54 68 94 38 45 20 59 89 92 87 51 73 1 80 3 98 68 54 90 20 34 50 38 43 40 80 27 35 20 4 64 8 33 43 3 47 52 88 88 69 75 79 15 84 68 35 3 95 27 91 38 90 46 96 79 57 15 13 79 69 72 69 50 65 20 88 89 91 38 60 30 97 26 12 79 90 58 76 3 22 22 64 14 15 24 41 
30 10 32 72 90 35 93 42 44 26 15 87 53 43 58 100 42 49 81 97 1 98 58 74 89 64 46 57 89 23 39 26 75 86 36 71 96 24 55 30 26 67 71 7 42 50 9 99 78 35 73 49 83 69 65 12 52 4 89 84 11 95 61 53 42 85 49 35 64 27 32 17 30 13 45 54 1 45 89 85 15 57 58 97 68 71 47 13 53 38 29 2 77 3 47 81 41 90 46 73 
13 90 34 4 53 71 39 77 81 61 25 46 28 69 59 99 23 15 15 78 54 73 85 97 14 80 7 82 51 70 54 92 29 18 7 8 8 31 55 53 36 28 98 59 61 3 30 26 72 18 49 76 22 73 13 61 45 13 2 71 18 83 18 93 59 80 25 96 54 85 19 84 55 36 14 75 30 81 94 51 66 28 52 25 9 67 72 69 88 28 42 84 86 83 36 26 60 87 46 95 
81 40 60 45 24 38 47 1 36 70 32 95 39 95 67 59 20 83 74 29 2 84 5 80 29 82 10 95 44 11 50 78 54 38 90 62 13 88 9 42 36 50 6 63 65 67 20 16 73 7 65 9 50 100 21 99 5 4 67 100 43 69 26 64 27 47 68 60 11 48 24 63 73 27 4 72 96 89 74 96 18 45 13 39 59 19 75 93 2 47 29 11 21 90 12 38 6 84 5 44 
24 97 38 66 62 35 38 49 48 18 78 26 88 18 40 88 14 69 30 94 53 28 45 3 93 87 61 29 73 64 29 7 92 14 1 64 1 61 25 36 11 26 86 15 88 53 23 89 6 11 54 80 95 7 55 67 95 57 77 92 87 2 15 27 46 88 94 50 20 14 19 29 53 80 59 41 5 40 77 28 83 60 84 63 36 69 29 54 98 60 19 86 86 41 87 25 37 40 54 67 
22 25 30 87 68 48 93 25 44 98 78 42 59 13 62 12 28 89 20 63 50 34 31 30 22 83 48 28 66 23 97 17 36 40 39 32 50 9 11 60 47 85 83 61 20 25 14 52 38 70 55 31 93 41 11 29 27 26 4 64 51 44 16 51 22 91 18 29 68 57 78 65 62 19 53 78 39 27 52 62 46 89 57 73 35 2 47 30 20 29 38 76 81 42 3 32 49 30 96 38 
98 33 43 86 100 30 13 51 37 75 81 92 6 69 51 1 4 67 56 12 90 75 99 76 43 42 71 97 35 84 52 55 83 12 46 81 29 57 24 42 17 58 75 18 24 28 13 92 55 36 44 43 59 57 18 45 74 25 10 78 88 56 93 56 73 43 22 58 60 51 11 87 95 1 57 34 95 26 4 40 86 81 15 4 84 59 8 94 33 84 24 51 68 18 17 89 41 18 61 31 
42 26 74 20 61 60 77 98 51 14 18 58 3 81 93 26 34 66 10 41 55 94 10 44 35 71 63 78 60 52 4 40 35 40 33 72 96 23 65 13 77 98 17 95 47 34 71 75 25 45 92 74 90 79 6 30 61 67 83 14 50 25 31 76 89 55 44 24 2 39 15 59 1 72 2 46 11 83 10 82 53 32 33 88 66 4 73 86 84 34 32 37 23 20 41 65 69 84 57 41 
4 48 91 12 48 11 22 13 95 5 44 40 19 63 30 53 12 6 36 64 41 81 45 64 76 39 82 75 3 41 23 20 52 9 24 58 9 23 76 47 19 40 6 89 32 97 16 57 71 24 97 50 44 30 74 50 92 79 96 90 45 67 73 91 41 50 17 31 60 70 92 56 100 67 28 75 13 25 5 41 57 31 28 60 5 56 20 26 37 79 35 39 35 93 41 18 56 20 42 73 
100 100 72 37 74 23 7 97 2 74 99 5 52 8 85 62 88 7 15 38 75 69 40 80 33 84 78 17 100 95 15 21 44 84 59 38 28 87 33 78 52 63 91 4 49 7 38 70 38 68 43 77 72 34 30 53 40 96 42 62 69 34 83 59 57 61 22 34 19 78 17 61 19 2 38 13 83 10 93 40 24 97 25 7 81 45 14 17 58 52 73 44 40 51 82 71 14 39 32 80 
3 75 40 81 13 26 10 70 69 79 8 98 98 97 42 82 19 30 78 17 24 91 21 85 84 24 85 24 36 40 47 12 96 63 44 90 25 13 52 81 22 37 44 40 65 6 20 86 79 83 5 60 62 19 27 50 22 9 68 84 37 99 39 81 23 84 49 71 36 48 28 66 92 9 39 27 89 86 55 40 76 99 84 87 69 72 22 29 23 31 57 70 1 64 28 40 78 79 30 79 
50 26 54 64 97 2 6 39 13 32 69 41 63 29 56 16 4 76 66 52 95 59 100 80 18 3 26 86 28 88 62 77 49 29 30 35 76 21 93 46 27 82 20 59 1 26 51 70 92 93 3 55 47 67 16 33 81 81 99 27 18 81 47 37 82 36 64 32 96 22 10 87 59 93 5 74 2 59 1 21 23 35 7 47 65 69 88 43 23 73 98 2 45 81 14 71 55 20 85 41 
31 54 9 67 44 56 37 6 2 45 15 24 13 63 64 85 82 69 51 20 27 64 37 61 41 68 72 80 19 13 24 73 5 2 76 29 13 66 41 64 8 90 14 75 85 86 60 32 90 79 12 74 90 52 40 91 98 34 34 23 19 68 47 26 82 61 86 41 8 10 47 49 9 80 95 93 14 49 76 76 83 18 32 66 39 33 27 96 43 61 14 97 13 27 51 27 56 32 43 67 
95 5 33 76 65 34 95 97 82 43 38 70 10 12 6 87 43 76 26 82 95 32 97 66 95 52 74 83 91 88 19 21 60 25 26 63 1 38 80 4 89 88 30 3 6 37 96 75 61 50 29 50 17 70 91 88 68 5 25 21 45 90 87 60 53 82 85 89 37 4 39 90 48 81 89 43 98 9 36 23 27 30 82 45 51 88 66 94 37 8 96 72 69 83 64 29 25 41 41 47 
65 97 56 2 1 66 21 92 45 42 54 21 14 28 86 28 86 42 58 100 10 17 53 78 74 95 44 58 75 26 33 62 88 23 26 73 63 23 49 90 23 82 82 75 99 83 5 82 23 76 70 82 81 30 29 63 76 48 71 87 75 73 58 2 82 83 35 53 100 34 38 70 5 14 65 38 34 89 92 26 35 25 31 89 1 17 24 11 23 26 86 58 1 87 67 92 8 98 52 41 
16 40 65 94 37 16 62 37 17 36 62 55 52 47 17 82 35 45 5 73 82 10 88 67 99 21 3 50 86 34 71 57 44 11 91 42 13 100 95 40 65 98 29 35 75 88 32 38 38 20 62 35 33 95 40 57 22 23 21 55 82 62 78 24 98 100 3 75 74 84 88 37 48 92 61 11 95 93 11 24 83 83 89 45 27 64 85 36 23 45 42 48 17 62 4 35 9 69 17 94 
64 24 5 59 27 13 69 29 79 21 23 48 53 25 31 83 83 89 16 37 66 18 56 52 5 90 52 22 52 99 73 20 40 13 71 15 98 59 67 64 37 89 22 24 20 30 25 18 40 93 78 16 76 58 18 70 3 63 23 3 26 35 40 79 64 26 6 33 68 85 50 100 30 11 34 82 87 45 62 88 83 7 35 80 50 20 14 69 94 57 25 3 49 31 76 19 6 25 39 7 
78 57 4 88 72 67 89 59 81 50 26 66 5 25 47 84 90 53 53 79 26 85 55 70 48 17 6 15 94 21 23 63 85 4 40 30 66 96 48 17 38 69 29 59 62 9 53 41 30 48 44 72 46 52 29 88 59 90 99 23 92 25 16 44 27 20 32 10 93 22 26 58 16 70 53 2 35 65 22 20 2 62 39 54 59 70 78 86 100 41 19 2 22 42 16 64 17 50 17 21 
65 100 77 86 35 69 44 10 48 47 7 71 72 97 96 45 27 14 41 54 46 83 1 8 48 50 72 73 28 54 63 29 31 85 24 89 19 63 95 68 76 81 26 58 45 11 32 53 59 24 28 22 57 42 14 85 73 86 2 70 10 30 49 4 92 67 58 47 44 6 33 100 55 9 55 83 39 60 34 60 42 45 52 81 82 74 31 67 93 15 81 6 49 44 28 68 87 85 57 57 
3 65 31 16 67 66 78 4 60 37 95 84 70 3 39 9 66 71 41 43 72 97 56 87 82 39 97 7 20 72 94 85 57 10 60 18 22 10 43 59 73 20 20 20 73 66 3 47 26 26 68 47 61 97 50 97 37 42 32 19 37 20 8 66 60 26 58 8 92 71 77 71 10 81 33 72 31 4 67 49 73 91 73 92 29 1 82 61 62 80 25 63 19 8 46 1 30 94 69 58 
74 62 4 55 32 12 74 7 41 57 48 35 45 55 86 65 91 35 40 33 48 8 22 78 44 4 77 79 72 7 1 56 56 14 66 25 97 76 14 29 90 35 77 60 3 33 65 56 8 9 1 24 57 55 83 69 100 88 58 7 41 58 67 97 63 46 31 26 82 74 46 59 33 50 97 80 52 52 48 71 71 80 51 71 11 37 75 42 39 69 6 32 26 82 76 76 82 70 57 9 
48 72 37 71 21 96 44 40 14 86 1 9 32 89 14 10 86 41 78 93 29 37 2 71 62 78 98 56 85 42 69 16 11 60 12 100 2 98 1 75 84 19 76 81 93 68 22 25 29 73 37 20 95 63 20 32 55 32 14 27 73 24 54 51 22 41 2 74 51 91 84 54 87 96 16 1 100 13 38 64 31 100 35 64 8 75 73 36 87 33 13 36 96 26 96 74 5 96 28 92 
19 5 47 78 91 77 10 74 4 74 93 79 95 58 71 54 17 42 89 96 64 82 48 39 100 12 99 84 26 98 79 2 71 61 14 35 30 63 97 61 67 38 15 71 91 66 16 39 22 73 24 84 80 14 53 11 21 67 12 62 91 59 66 8 92 24 44 24 36 85 90 40 1 58 52 3 49 7 65 60 80 70 67 45 65 66 90 38 98 39 94 41 10 36 49 25 17 80 10 70 
86 70 15 16 45 99 2 46 18 87 66 72 33 64 95 57 91 83 54 9 60 43 42 74 59 94 37 28 66 29 22 40 25 52 20 52 55 26 54 47 79 38 62 52 75 70 68 76 60 58 72 37 98 33 78 19 50 50 3 70 48 65 57 53 87 33 56 85 14 71 71 70 67 78 98 28 30 29 80 28 78 14 50 67 74 2 62 86 16 51 61 26 53 34 7 94 30 57 58 24 
35 51 10 30 89 61 29 87 86 92 48 85 67 57 46 77 44 95 36 33 13 80 58 45 69 52 48 28 33 95 39 60 61 43 86 38 57 68 47 85 12 64 99 76 55 57 3 77 38 88 3 28 12 92 47 26 15 40 72 10 82 27 61 90 43 46 75 3 89 9 18 77 3 30 22 88 19 74 18 44 8 54 64 63 12 88 41 22 32 82 12 33 40 49 66 78 42 26 20 9 
38 91 43 38 12 19 21 18 31 27 64 10 93 58 6 84 19 37 30 64 72 27 84 95 58 12 64 58 86 23 49 67 96 59 30 34 48 24 55 77 6 42 38 50 60 2 85 38 47 88 81 15 9 54 62 80 42 79 47 36 14 97 53 94 55 59 96 16 12 56 27 93 55 82 21 42 8 19 96 53 91 45 48 53 84 32 36 43 90 88 87 85 5 85 79 1 17 8 99 79 
77 86 29 39 52 18 67 94 88 56 44 100 91 95 50 46 43 61 86 56 63 1 27 48 56 60 29 26 47 14 9 31 78 9 3 53 32 95 71 37 94 12 11 40 84 29 52 49 9 43 17 92 4 38 53 54 31 54 97 80 14 19 95 85 59 9 55 49 9 19 34 20 54 56 94 79 47 53 61 84 49 64 11 67 55 21 56 31 37 19 70 84 1 28 2 51 79 21 42 62 
10 45 71 36 63 24 2 93 97 3 41 7 60 21 94 9 71 50 30 16 10 8 44 17 68 16 22 64 41 11 87 83 96 70 96 94 64 94 69 5 83 3 65 44 44 6 3 94 37 6 60 9 3 59 76 57 15 62 27 56 49 7 31 15 9 14 19 10 79 7 90 71 59 93 71 17 35 11 89 44 13 83 54 31 99 44 91 80 56 43 78 33 32 5 96 39 87 84 9 20 
22 94 81 26 41 87 9 24 29 52 34 70 55 21 25 64 37 42 47 40 16 59 90 48 35 93 57 41 10 2 62 41 73 28 8 38 70 25 82 94 36 17 77 60 10 51 58 72 19 10 75 5 9 59 23 45 51 4 28 78 59 65 51 51 88 33 95 88 40 68 58 91 52 66 74 36 37 93 64 39 8 28 71 94 21 31 11 20 28 66 36 10 59 84 60 46 65 87 61 100 
81 56 8 8 43 12 77 79 24 95 58 37 20 96 64 47 62 76 3 16 44 78 78 67 100 87 24 72 40 99 5 68 71 92 41 82 54 99 27 48 42 23 11 36 61 86 68 86 94 52 39 19 3 9 64 50 93 75 24 19 12 71 16 5 96 2 79 22 25 32 59 51 7 19 83 60 93 85 46 29 24 25 49 62 6 55 52 3 75 46 22 100 95 26 7 33 53 87 14 94 
36 98 38 23 48 68 83 63 83 30 40 13 61 73 100 55 70 12 49 18 21 12 86 42 63 87 6 5 43 64 66 89 54 76 71 12 79 86 33 64 28 49 33 80 9 63 39 49 50 79 98 21 69 90 57 41 28 55 8 92 94 29 44 61 100 76 31 41 93 51 31 23 38 64 7 66 63 39 66 75 88 93 8 83 100 83 60 11 99 85 93 4 87 84 77 90 40 31 37 71 
72 8 46 91 34 34 62 60 36 79 34 63 7 70 43 24 60 74 83 44 94 10 36 86 17 52 35 73 89 53 14 14 35 33 2 65 16 78 43 15 67 27 57 80 65 38 89 22 41 97 32 82 64 96 21 26 72 73 4 23 5 91 4 49 73 32 58 41 68 74 17 83 82 71 29 18 6 75 11 34 77 38 95 79 52 5 66 82 26 72 4 57 44 43 67 21 40 69 82 60 
86 35 12 42 83 20 53 87 48 90 85 43 56 81 27 74 14 96 5 95 29 83 91 12 66 61 27 20 36 71 62 6 82 57 20 31 8 91 36 60 56 25 78 19 61 78 71 88 89 33 44 18 81 85 49 92 5 6 83 10 44 2 16 35 39 75 6 68 66 46 13 75 62 90 9 27 100 34 40 17 13 46 32 71 91 30 31 29 89 67 94 58 4 59 91 28 75 73 36 31 
92 95 81 9 76 48 90 87 51 7 99 26 77 70 6 99 79 13 33 7 49 69 23 4 37 84 24 44 17 67 25 51 76 37 26 43 64 11 25 54 21 45 3 22 62 34 65 70 56 11 4 97 99 76 92 60 1 39 36 82 93 5 28 8 14 64 44 57 86 57 97 20 25 46 89 79 27 25 72 41 80 18 50 18 90 51 87 50 17 51 61 4 70 42 91 76 59 87 33 85 
79 55 65 14 44 18 69 53 17 72 17 65 70 15 83 73 8 61 7 55 100 96 32 42 88 63 20 84 8 25 98 38 61 59 24 86 93 99 51 86 90 63 94 31 5 35 92 67 45 77 75 3 87 51 24 96 57 51 9 80 98 19 71 11 67 49 40 32 25 96 18 24 34 97 64 97 15 16 32 47 32 46 11 82 34 42 32 46 70 95 96 6 48 75 2 14 39 42 86 17 
45 32 83 64 43 75 31 60 70 97 6 23 86 10 3 79 98 73 55 4 26 21 77 90 62 64 34 1 46 82 48 26 68 27 84 98 81 34 74 68 52 79 89 68 25 56 57 40 66 21 33 97 86 40 10 60 64 68 89 42 87 85 55 99 54 34 62 42 11 62 58 56 30 72 64 6 95 4 52 6 63 99 37 19 41 44 68 5 25 55 32 69 35 63 42 74 64 23 62 32 
96 44 58 33 87 84 90 54 43 73 27 74 56 14 15 82 27 12 23 96 15 62 71 29 42 16 61 32 87 78 47 2 56 60 51 42 5 32 81 31 26 88 65 61 72 16 6 72 49 25 75 40 84 15 62 91 40 48 99 55 54 18 81 88 3 4 71 35 8 13 69 45 28 15 70 67 92 62 55 50 33 94 39 71 72 15 24 45 95 84 36 7 26 20 9 84 4 96 62 93 
6 93 75 12 93 92 33 38 22 49 49 97 65 3 36 18 1 7 80 19 11 19 91 79 72 56 10 96 90 94 57 79 68 14 73 59 16 48 41 54 65 100 74 87 93 89 68 46 54 7 20 47 69 30 7 11 55 92 19 59 92 34 38 2 16 69 96 75 97 90 69 17 72 35 55 18 91 66 65 91 35 26 88 82 94 5 4 64 100 58 39 94 87 25 73 27 95 26 54 25 
44 100 32 37 66 63 57 40 67 22 79 7 76 25 21 81 30 17 60 37 51 91 18 56 25 77 13 35 84 23 90 32 69 72 80 84 86 54 81 36 7 73 89 40 41 72 18 15 82 93 18 8 13 46 100 87 50 89 40 54 74 57 62 16 59 56 54 91 10 57 25 2 82 91 25 45 24 81 61 85 90 10 6 98 20 82 95 71 32 74 83 70 22 40 71 10 16 22 83 77 
48 15 66 87 66 79 98 71 74 51 90 34 92 71 88 69 86 20 59 65 100 91 5 37 43 46 34 44 49 83 67 45 31 41 100 35 98 73 69 75 87 92 37 77 31 44 81 39 6 43 82 55 48 86 30 84 54 44 82 62 10 29 72 58 76 60 79 82 33 4 47 38 59 59 98 14 22 8 11 74 65 93 85 100 19 25 78 23 52 44 39 82 96 66 19 90 94 73 8 7 
77 82 68 97 69 60 45 99 65 75 60 49 18 76 51 73 84 66 82 58 52 23 51 15 9 32 21 97 11 23 64 57 73 7 69 45 28 70 61 57 32 69 67 53 95 2 63 31 49 65 10 66 37 28 31 88 80 39 70 47 42 70 34 63 76 58 82 69 51 59 77 55 11 21 39 44 83 84 85 36 62 97 96 48 7 20 67 41 45 88 65 97 69 42 60 28 91 89 89 37 
24 24 62 15 24 40 51 37 91 73 23 77 45 8 98 24 98 51 23 16 48 95 1 9 30 57 13 13 32 28 17 12 39 67 3 72 36 42 96 88 33 33 10 38 47 39 5 69 47 3 69 55 12 27 62 88 68 45 16 98 32 37 49 89 13 6 41 60 60 23 39 55 68 7 71 13 89 100 2 97 30 28 51 9 72 50 78 77 37 32 9 10 84 20 20 33 66 61 72 45 
83 7 82 87 99 11 66 24 43 46 68 63 92 21 40 27 11 32 20 83 51 47 73 95 24 68 75 18 73 88 30 21 2 87 45 35 4 51 7 48 26 55 57 47 54 65 18 12 9 78 64 72 96 65 37 79 6 84 17 28 49 60 13 32 78 31 78 10 55 12 18 39 48 35 34 46 56 63 21 27 19 55 83 14 10 73 67 7 57 78 3 79 97 37 18 65 75 58 76 78 
37 27 81 26 36 59 76 65 32 95 39 50 9 62 52 95 19 83 61 58 95 30 3 60 9 71 30 62 9 46 99 33 95 56 27 67 1 27 20 66 69 8 13 60 32 38 83 95 28 72 18 61 32 46 42 36 62 72 29 58 2 14 89 77 60 92 87 48 30 10 9 28 98 26 19 5 20 15 19 98 39 77 97 11 24 64 15 81 47 10 26 19 50 29 65 36 57 13 32 68 
46 64 11 62 83 94 47 60 59 59 15 80 64 53 1 83 53 55 92 47 18 25 77 31 74 5 64 59 67 5 55 5 11 45 19 54 13 76 80 68 62 11 54 56 34 35 11 68 85 89 7 48 9 25 36 27 94 3 51 5 43 92 86 66 100 57 67 1 87 96 70 26 78 62 95 90 33 72 29 18 53 65 35 61 80 49 24 37 95 66 76 95 25 51 33 76 24 23 40 14 
85 22 75 50 55 41 63 91 87 60 64 14 90 2 96 96 69 71 76 17 87 53 78 7 91 21 34 84 48 77 50 66 77 26 82 73 15 99 20 63 26 6 72 56 32 32 75 72 44 56 9 38 79 99 80 70 28 40 55 65 30 90 8 39 42 2 40 25 7 52 56 30 14 92 77 48 65 11 6 37 90 3 10 96 21 57 64 3 53 60 29 96 91 50 70 16 2 68 90 79 
73 61 71 31 31 51 91 10 63 7 42 38 21 47 50 88 65 59 3 38 39 12 10 15 70 86 2 2 86 82 38 63 45 60 100 99 48 34 49 43 71 9 11 64 77 63 82 11 47 63 77 94 77 62 39 57 6 44 26 9 100 40 55 95 40 7 39 83 85 13 19 44 75 11 89 49 25 89 67 96 22 79 70 50 5 94 20 9 8 46 79 65 8 47 51 27 94 54 87 74 
93 89 57 24 96 6 82 56 33 81 67 24 21 73 24 32 74 61 37 21 66 42 36 86 93 19 10 15 91 69 56 54 58 87 80 34 26 31 78 88 97 31 33 75 79 19 9 4 77 44 75 84 9 100 82 73 40 4 26 57 58 69 95 90 100 40 58 47 52 95 54 78 22 32 22 39 30 20 63 44 38 33 8 26 95 72 51 57 21 21 22 56 25 99 44 13 8 18 49 3 
100 88 92 24 22 89 51 27 4 24 61 27 7 61 8 2 65 43 66 80 35 9 25 62 35 81 57 61 88 30 67 16 46 28 92 15 41 5 23 80 83 20 1 80 21 80 98 78 18 78 93 26 18 52 75 85 61 19 66 61 57 19 59 68 17 18 15 13 52 18 27 18 69 33 82 1 39 85 96 98 56 60 58 49 10 72 20 62 74 29 21 22 69 65 10 26 73 100 6 11 
96 22 38 71 83 75 7 56 14 18 17 100 67 91 63 29 95 57 26 60 75 83 5 37 51 40 59 37 90 33 27 17 76 22 29 86 2 3 1 21 2 31 5 73 83 84 20 64 90 27 49 61 42 27 15 91 8 60 3 53 43 42 22 98 76 63 70 80 65 83 20 8 65 27 80 89 75 92 59 16 91 1 54 3 19 9 56 64 40 36 19 39 20 45 74 81 66 14 74 22 
75 94 21 29 65 88 12 10 30 12 14 23 17 24 34 91 30 72 20 53 78 24 84 75 72 51 100 91 92 69 83 63 60 71 81 56 28 24 9 24 13 62 19 73 43 91 86 61 44 7 4 88 63 6 69 2 20 14 24 88 35 36 54 18 86 100 77 42 18 81 44 29 62 72 14 28 27 52 11 63 98 97 77 98 27 15 55 44 99 5 27 28 34 38 94 49 17 98 67 75 
87 65 93 63 82 40 57 66 60 12 14 35 61 24 82 24 3 13 44 5 8 75 43 38 33 68 27 45 86 46 24 34 22 67 52 34 55 37 82 91 9 45 30 73 83 34 63 2 34 57 5 43 69 99 88 70 48 35 36 58 28 3 39 36 10 57 39 85 90 14 58 55 18 85 29 74 36 1 55 36 77 34 96 34 64 28 13 6 1 36 76 98 21 66 47 47 4 70 36 3 
16 48 14 33 5 51 24 97 41 31 55 9 4 1 88 11 93 67 100 42 66 3 18 14 26 5 81 88 41 56 28 80 100 81 40 44 39 23 63 40 44 91 4 61 68 89 41 49 40 64 100 4 73 59 66 99 34 62 21 93 90 4 55 65 45 11 5 47 72 81 55 74 59 4 83 34 71 88 62 1 30 52 60 28 52 87 66 62 66 86 61 71 82 85 81 25 36 94 19 77 
13 59 63 54 29 96 71 28 71 31 21 60 77 39 5 31 30 68 55 98 100 60 71 51 11 26 76 15 83 61 64 4 21 55 7 42 59 26 23 90 92 66 47 39 99 13 20 43 55 1 70 19 35 32 33 99 71 68 14 57 87 55 39 85 15 88 15 47 59 79 77 29 12 34 13 79 58 26 89 37 60 12 51 97 58 5 11 73 65 56 19 10 88 74 81 34 64 77 44 14 
49 91 1 35 24 98 4 57 15 30 71 24 41 52 61 27 94 22 46 27 30 26 46 61 7 91 16 79 37 14 85 47 24 48 69 88 80 42 94 86 29 39 63 58 25 19 51 28 96 28 92 48 78 5 95 73 11 78 16 16 78 76 24 100 50 48 33 79 81 37 53 44 37 51 29 72 92 37 86 34 19 58 76 97 17 55 40 9 79 84 95 37 10 44 74 38 27 59 18 55 
71 68 24 77 88 60 52 99 44 45 63 39 93 81 27 86 32 57 33 20 24 56 72 60 95 63 7 55 26 3 71 96 76 41 59 57 23 1 88 1 18 84 90 26 25 60 46 10 67 4 2 78 20 10 96 84 67 89 91 75 90 96 52 10 9 90 87 95 52 25 74 32 9 72 86 56 83 74 12 80 23 86 44 78 14 63 31 35 13 95 32 13 34 55 23 96 1 36 99 94 
7 100 23 40 78 94 30 41 53 52 64 35 98 46 74 7 5 69 74 38 43 73 99 8 38 95 74 58 72 15 64 11 85 59 63 77 22 99 8 90 43 1 10 64 17 99 3 74 27 2 33 81 89 56 39 33 89 49 78 72 7 50 46 94 77 73 99 35 85 36 79 72 20 21 89 33 87 87 85 94 92 84 92 100 48 70 65 83 58 79 83 76 63 3 1 95 99 90 6 23 
45 1 24 19 63 41 38 97 35 23 75 70 9 74 90 42 83 53 84 9 94 95 58 51 53 35 39 69 9 93 11 63 7 89 24 91 82 40 13 51 34 68 31 1 19 89 49 85 1 30 35 12 41 21 56 53 25 83 3 13 62 24 42 74 88 89 66 91 21 31 17 51 29 45 12 2 94 37 91 11 45 61 39 30 34 14 7 12 15 54 92 31 19 56 89 92 48 79 67 98 
72 33 2 78 26 88 58 16 19 18 76 78 56 38 86 63 43 95 48 6 77 65 16 43 46 18 56 18 28 73 64 78 34 6 97 21 38 72 91 40 62 56 29 19 88 79 70 60 87 37 34 11 29 25 92 81 44 32 22 19 28 37 30 9 86 7 67 49 70 89 93 16 13 72 94 98 79 33 19 54 56 18 4 36 81 10 19 80 50 73 91 90 79 73 70 94 78 95 96 67 
65 81 78 16 98 93 57 36 94 80 26 71 74 71 61 78 16 21 20 65 42 6 62 25 91 5 31 75 34 78 24 16 88 37 81 26 73 72 18 50 36 77 93 83 31 17 49 21 98 84 23 35 80 14 63 47 48 26 43 33 2 99 56 57 43 12 32 47 40 56 53 61 62 17 37 47 81 6 36 8 30 10 53 91 3 77 30 24 72 62 80 2 30 35 4 100 25 10 26 11 
77 23 65 89 39 100 31 62 67 28 12 81 71 74 1 91 41 14 91 4 87 60 6 91 80 77 75 43 44 57 96 29 91 20 90 13 59 50 86 11 34 94 19 16 35 36 10 58 9 97 53 42 38 77 67 69 40 84 11 54 43 30 37 48 71 20 68 18 30 62 50 99 9 65 37 72 64 54 25 41 92 27 19 73 39 33 40 77 56 2 5 79 16 92 59 39 68 45 6 64 
64 37 47 38 44 74 13 72 29 18 7 2 51 16 5 59 10 24 53 37 58 3 5 18 69 31 34 77 96 68 62 43 10 79 61 37 47 7 44 40 69 78 28 2 71 65 40 41 17 55 2 38 92 100 78 27 80 58 63 52 66 32 20 6 92 38 25 50 22 71 82 81 95 92 71 28 84 36 39 15 84 100 54 68 21 40 56 21 68 94 52 7 18 88 89 32 76 84 48 66 
21 84 5 8 57 56 19 60 9 48 15 15 23 10 10 27 31 45 18 42 85 78 67 74 38 38 85 73 26 39 51 80 70 57 35 73 32 17 30 9 21 67 18 53 42 87 7 61 37 75 48 12 88 98 73 65 51 6 44 35 82 53 4 31 19 51 75 46 43 81 100 82 99 14 59 16 46 68 74 74 28 18 85 86 9 8 80 29 13 25 50 48 94 4 29 20 77 96 69 70 
58 5 58 59 6 21 43 70 71 71 52 1 21 94 19 69 3 11 66 7 95 33 57 63 57 71 85 4 30 77 18 27 57 4 85 34 4 69 30 90 17 94 91 28 20 33 66 100 67 87 92 28 1 59 51 15 97 71 76 29 82 22 89 21 92 71 47 37 84 92 37 98 9 51 63 65 10 68 22 80 88 50 40 83 88 75 34 93 6 55 4 86 6 68 7 93 49 2 26 3 
100 64 93 27 75 42 88 66 74 82 60 81 13 15 46 77 96 24 37 36 23 100 56 64 13 66 11 2 65 54 21 92 8 80 59 91 9 1 2 91 66 100 51 81 17 38 66 43 72 7 36 44 96 49 28 46 52 25 74 65 13 64 13 98 7 69 75 94 48 50 83 88 36 80 89 99 44 10 25 13 13 42 46 19 100 36 22 18 23 45 50 41 20 41 7 47 90 72 40 46 
41 74 48 17 6 27 91 100 85 36 67 8 29 88 86 92 27 58 96 45 8 52 35 16 90 43 8 55 16 74 24 18 61 12 1 9 8 37 98 5 23 68 86 21 42 67 21 65 7 59 94 68 54 21 62 25 85 96 84 23 43 4 45 90 46 20 82 13 84 80 32 52 26 58 83 55 82 60 28 13 24 24 90 50 95 27 23 3 70 78 25 62 4 100 46 54 68 1 10 22 
67 100 26 56 23 40 61 62 53 45 6 78 43 62 55 18 6 91 81 73 91 90 51 31 100 11 54 62 55 32 27 11 56 29 32 37 69 94 39 38 64 33 7 64 69 87 28 45 34 53 7 30 30 16 13 43 1 16 30 41 19 86 69 29 46 94 53 28 59 31 24 90 93 9 3 84 1 28 38 47 50 64 55 31 63 80 15 64 75 70 67 48 89 67 48 45 58 19 62 14 
46 22 29 88 79 13 50 22 60 69 30 58 33 99 98 11 7 7 17 13 34 92 70 54 9 41 92 23 29 33 75 43 76 44 64 25 22 99 11 22 66 45 1 71 49 8 81 84 21 74 71 26 25 58 45 97 39 23 49 62 53 52 20 60 2 40 29 43 49 22 43 60 92 40 88 78 1 22 49 22 21 37 90 77 78 40 34 19 20 82 92 18 28 16 57 36 35 7 5 45 
9 71 86 53 86 28 46 67 17 19 56 55 82 58 16 5 2 51 47 92 100 26 99 36 52 88 76 82 86 31 29 24 85 35 4 67 46 4 51 79 100 67 30 16 61 62 10 88 13 92 92 44 48 10 48 86 29 25 16 65 22 58 32 81 14 58 25 32 31 67 47 42 27 27 98 54 49 27 75 9 39 85 5 22 3 22 26 70 18 28 31 18 40 37 53 7 45 8 66 91 
71 83 32 36 47 86 76 17 39 53 40 36 100 89 84 21 39 32 6 58 88 60 81 40 31 7 86 47 78 67 34 68 23 24 97 56 5 33 26 10 44 13 25 30 29 68 16 95 59 25 99 58 57 91 88 44 72 3 44 16 18 82 40 99 48 9 53 27 90 95 30 52 16 10 49 73 4 56 43 42 80 52 50 2 60 8 15 13 62 76 1 77 48 50 38 63 96 43 75 32 
