100 100
59 51 10 16 85 67 38 47 21 28 9 99 25 55 36 38 75 70 81 3 87 75 99 61 100 62 67 72 59 94 45 23 5 37 34 15 27 31 1 38 43 54 21 95 17 78 11 67 30 1 50 49 40 6 78 43 13 35 96 68 87 59 29 51 53 45 91 94 24 93 22 31 39 46 23 39 45 31 42 100 29 4 40 93 89 42 43 13 52 2 21 43 31 1 87 60 34 86 62 81 
4 52 58 90 5 55 12 45 94 63 54 26 25 80 58 98 95 18 51 70 4 81 66 17 41 27 95 58 32 11 19 3 46 10 93 91 8 11 3 53 48 1 97 1 58 96 99 91 8 17 52 61 41 77 49 69 60 71 16 80 72 33 10 57 80 86 53 34 78 12 66 37 93 18 41 29 92 99 31 10 4 23 98 38 32 88 41 74 84 86 67 22 68 89 32 67 43 2 66 25 
15 64 62 25 46 86 56 46 53 60 65 24 99 40 49 41 63 96 6 15 14 40 99 40 28 66 82 31 7 61 4 14 86 47 82 35 53 40 23 70 5 18 66 58 25 74 36 63 97 80 42 34 3 32 14 40 44 95 87 77 47 82 91 54 56 85 62 14 81 12 45 53 37 37 28 53 83 87 25 8 89 61 15 30 17 18 79 2 46 16 36 34 28 12 68 79 38 55 47 90 
98 21 59 100 39 11 99 99 73 21 23 79 32 87 80 60 8 44 74 36 52 96 68 79 75 7 49 31 87 36 32 50 49 58 34 28 15 66 31 86 69 68 7 29 12 39 58 28 78 20 37 79 37 49 26 65 36 23 88 39 13 43 4 81 95 16 13 45 82 81 10 69 73 82 12 80 29 50 34 97 43 17 77 11 40 56 79 87 24 15 18 9 43 33 92 42 99 20 42 97 
86 55 43 85 19 6 63 87 96 28 44 28 35 37 40 42 23 57 83 97 76 75 1 93 34 51 78 95 53 43 94 56 24 23 55 36 25 95 2 87 53 69 42 5 74 80 64 70 65 75 57 58 24 63 43 81 47 86 14 94 58 21 60 49 20 82 54 58 34 9 63 57 43 58 98 47 78 67 77 85 7 53 67 13 75 28 40 14 7 98 23 47 62 93 66 93 65 15 35 84 
80 83 17 45 97 88 8 100 15 99 1 9 90 62 12 19 86 21 16 68 30 13 63 90 25 16 80 67 51 77 32 22 36 61 65 60 11 62 9 25 29 64 15 61 26 59 43 44 50 68 13 27 81 100 21 23 51 61 10 64 80 81 93 24 95 36 95 19 15 58 68 22 9 58 38 99 78 81 28 87 63 5 28 9 29 30 24 31 3 21 92 10 68 29 21 84 80 65 100 93 
86 24 46 39 26 39 63 80 9 58 86 97 48 44 54 20 53 45 80 75 83 52 4 64 14 66 80 74 88 79 62 21 67 40 14 22 46 32 62 92 75 3 83 76 9 75 56 62 84 24 69 49 63 100 10 74 9 32 84 21 63 22 65 91 96 27 78 98 34 72 21 55 91 63 48 11 40 74 93 28 54 92 56 57 17 5 100 29 53 7 26 12 25 74 61 66 34 19 94 71 
4 24 6 77 69 12 12 12 46 20 73 46 9 67 38 10 81 41 86 66 17 80 15 25 47 45 44 87 82 56 67 98 21 19 86 12 27 24 85 18 18 65 12 74 98 70 24 52 20 16 60 37 69 28 82 29 38 12 44 5 10 22 54 44 77 27 47 78 8 64 40 9 73 84 80 91 33 34 72 12 54 48 75 52 93 29 65 36 98 98 39 53 65 80 81 27 18 45 17 36 
55 22 71 41 61 69 65 75 79 94 29 90 12 20 94 49 49 56 53 38 92 97 36 55 38 33 41 49 67 71 65 19 43 25 45 13 86 23 26 43 3 23 73 94 44 82 71 2 95 45 92 16 16 36 38 41 55 57 30 11 48 89 28 86 84 13 91 93 61 59 9 59 24 73 62 41 44 23 46 100 62 78 19 10 83 81 28 74 94 34 72 49 45 48 95 23 31 17 37 90 
21 77 73 42 99 100 47 44 69 11 2 10 77 43 54 74 47 52 3 63 12 86 18 69 36 37 2 63 2 31 18 53 4 8 91 57 1 27 18 22 78 89 89 24 97 6 43 70 15 50 96 73 68 52 93 73 61 17 1 97 17 76 29 86 35 15 39 82 12 80 58 24 68 23 42 13 63 52 12 43 2 36 85 50 53 83 67 9 63 88 54 92 80 23 29 81 17 12 30 17 
56 17 4 27 89 28 45 89 13 26 47 22 99 72 100 69 56 47 62 32 68 40 19 88 44 77 7 4 32 32 19 40 73 40 61 68 75 90 64 18 70 59 97 95 75 42 40 2 29 87 66 80 41 77 87 68 100 2 73 12 26 95 50 6 51 48 21 88 12 55 93 52 48 91 38 50 99 52 21 45 21 65 28 86 81 93 17 65 70 96 51 14 50 1 25 26 98 44 39 75 
35 70 100 45 72 100 32 68 63 99 30 100 33 54 92 43 98 27 89 55 16 12 7 96 93 11 86 3 62 17 22 82 78 44 56 95 93 52 70 57 39 9 19 27 25 4 74 39 7 23 63 100 1 27 78 64 67 42 58 75 41 12 96 10 41 76 73 97 48 91 100 22 37 44 97 31 52 66 76 68 76 3 65 56 33 85 37 81 49 87 26 26 6 66 7 95 68 68 97 74 
26 38 31 66 17 72 94 33 38 84 33 87 74 82 36 33 25 94 73 12 57 18 76 3 21 40 28 4 1 18 100 4 71 22 24 88 49 30 84 68 79 83 29 18 46 85 71 45 34 84 36 97 81 62 18 12 10 80 77 60 1 15 16 11 70 87 59 2 50 20 29 60 53 77 20 78 72 74 91 10 83 39 92 7 76 32 39 35 85 41 41 95 3 12 74 70 76 12 95 9 
88 97 14 85 2 41 98 10 75 5 68 90 65 13 47 37 4 57 80 99 95 80 50 7 29 52 69 76 100 71 73 94 76 20 85 80 35 27 1 100 64 52 65 47 66 97 35 46 43 2 6 22 86 14 62 4 20 74 87 54 68 70 52 3 10 29 9 1 23 3 59 33 45 45 52 86 99 31 32 100 14 37 90 23 29 40 38 63 72 70 61 74 94 10 25 64 10 30 46 26 
31 86 37 90 52 57 14 84 1 8 29 3 3 62 71 4 23 33 61 34 47 4 71 92 62 39 66 72 6 41 76 41 14 89 73 85 46 34 92 86 47 49 80 42 94 80 2 72 50 74 80 81 63 92 73 64 42 24 87 37 16 12 28 43 59 51 92 55 25 33 91 67 64 46 44 18 48 1 11 59 4 7 16 64 92 15 51 85 28 8 12 38 67 39 33 98 31 18 49 22 
63 36 93 56 55 74 42 62 86 32 54 73 80 76 12 90 69 29 47 14 91 24 67 45 71 92 44 7 24 65 100 99 92 17 49 96 6 26 38 36 79 82 21 78 12 45 96 88 69 83 68 47 98 74 10 50 64 77 9 12 31 85 91 49 30 9 22 75 52 36 10 67 10 69 60 97 82 70 98 34 74 54 80 71 21 60 79 97 59 9 4 97 27 55 68 70 7 39 93 11 
11 88 52 35 86 30 26 56 47 20 82 17 56 25 36 74 85 100 52 70 6 36 67 82 81 69 61 31 9 57 79 55 68 64 15 91 32 42 40 78 14 90 48 22 43 68 68 19 12 29 89 64 71 78 46 22 75 23 59 13 51 90 19 50 90 5 17 30 31 36 62 75 26 49 34 41 98 48 32 35 49 1 9 31 58 76 93 43 26 45 82 29 57 19 70 11 41 100 89 35 
20 71 28 68 58 47 94 39 7 15 38 97 100 47 7 54 72 87 59 69 4 19 2 1 97 70 59 79 40 72 68 75 71 2 68 59 76 2 4 49 38 28 26 60 71 16 63 81 76 19 54 75 3 34 46 33 7 67 11 97 20 85 52 69 46 4 69 55 23 10 81 2 22 31 34 48 24 37 38 48 42 77 58 40 24 53 66 52 51 76 38 7 87 63 61 35 78 71 27 59 
88 16 18 56 56 50 74 72 67 33 91 40 52 99 94 81 39 78 45 75 65 32 97 4 78 22 66 61 35 77 35 61 73 40 76 35 22 45 84 53 41 16 1 79 77 41 16 23 69 27 63 23 50 43 95 36 71 19 1 87 33 56 90 46 75 29 16 80 1 26 42 32 62 70 62 96 14 4 2 53 57 55 11 79 86 9 39 29 36 4 62 2 30 95 36 79 35 26 75 26 
31 60 24 37 33 47 40 80 29 46 38 36 4 10 22 1 15 87 74 88 66 92 46 81 9 7 92 96 32 97 20 26 84 84 48 31 85 99 95 83 29 60 96 18 16 67 19 59 18 99 77 12 3 91 85 28 23 3 44 63 70 56 69 17 22 84 91 86 84 73 21 35 35 59 45 25 61 95 54 55 10 44 82 76 53 77 97 100 59 5 38 86 61 24 75 8 96 5 32 26 
94 70 47 32 6 29 83 44 31 77 32 21 77 66 43 80 18 99 27 23 63 77 70 90 62 26 4 29 81 53 86 74 9 47 32 39 95 62 1 13 99 85 73 100 65 4 89 58 82 21 9 15 72 71 81 53 34 59 53 98 24 74 26 98 83 49 35 79 24 4 85 47 39 15 76 37 82 92 21 15 66 62 56 48 49 31 76 77 97 33 34 45 98 75 72 77 6 60 84 69 
11 37 13 78 43 56 53 10 18 29 32 42 41 84 26 64 54 59 49 15 73 51 94 17 91 11 79 12 84 42 36 83 96 59 97 75 65 20 88 12 32 52 40 52 92 12 41 26 87 45 89 28 3 62 65 15 4 30 72 76 48 89 32 9 16 37 86 28 54 63 91 61 97 43 54 26 36 93 77 79 93 24 49 29 4 27 76 43 46 58 31 82 44 64 72 34 19 25 83 12 
80 72 13 97 43 22 99 3 6 88 36 91 10 81 100 60 2 77 65 67 12 43 7 91 4 39 4 73 84 90 14 14 3 35 95 12 28 22 57 55 2 12 57 80 29 24 68 47 99 53 38 65 41 84 39 98 19 47 63 74 37 81 63 84 47 20 80 33 58 32 74 98 54 84 50 75 17 40 63 42 12 86 33 56 26 15 80 18 12 68 99 30 98 29 16 32 6 5 7 66 
85 99 37 4 74 11 29 90 6 95 92 82 59 56 34 39 56 93 83 83 55 99 61 96 41 90 18 97 29 87 97 13 27 52 69 94 62 23 88 59 17 64 61 95 76 33 5 83 82 87 4 3 18 1 68 14 31 66 18 32 67 54 85 2 61 36 62 78 68 67 66 95 21 47 54 45 22 98 25 86 50 66 17 13 56 10 46 68 94 17 66 26 35 29 27 6 24 5 1 94 
59 28 35 88 89 90 33 59 41 62 43 100 80 40 4 49 55 1 23 14 91 93 51 54 43 3 53 27 8 72 27 52 13 16 54 4 66 34 98 3 14 69 58 53 10 48 99 92 4 33 77 77 88 99 28 60 28 45 18 67 15 73 29 41 46 3 56 14 31 51 84 68 1 62 56 66 11 66 15 85 72 39 97 55 6 83 94 52 98 73 100 46 44 41 57 51 51 83 19 17 
12 58 46 45 68 42 12 64 43 59 5 82 67 17 82 72 3 68 88 65 20 74 58 43 43 38 9 21 81 91 65 26 2 71 90 2 37 38 29 32 78 46 58 59 48 43 53 98 95 20 54 11 1 77 31 33 7 42 99 83 68 12 97 67 77 31 100 67 85 56 94 62 1 96 96 64 84 56 84 8 92 55 19 71 61 56 75 77 15 50 51 89 12 40 35 8 6 19 87 70 
42 94 91 31 3 23 64 73 9 46 39 60 88 61 16 71 6 17 40 94 14 46 24 35 100 17 3 40 13 2 41 25 82 35 83 70 59 96 30 21 66 16 65 56 5 24 23 57 77 65 11 69 96 57 47 85 24 23 71 65 61 32 33 9 78 37 65 6 36 45 10 90 99 35 76 39 67 4 41 27 32 35 57 3 15 21 4 16 90 51 91 28 37 42 4 73 71 46 91 38 
75 5 43 20 72 95 22 89 85 39 59 85 51 48 90 58 95 3 97 67 7 76 92 57 90 55 40 20 47 55 52 40 12 32 77 80 58 77 78 53 56 17 14 60 79 44 95 54 63 75 52 52 52 94 63 72 87 92 71 60 41 32 66 41 58 83 68 50 39 9 7 91 52 67 71 59 54 92 73 49 98 43 77 34 7 46 58 32 89 20 73 55 5 99 43 70 55 15 32 54 
45 81 2 41 94 85 86 36 36 82 6 12 58 72 63 27 53 29 65 39 72 66 56 9 89 71 84 81 43 62 12 36 8 84 61 21 72 42 80 7 69 100 18 85 62 10 5 50 53 14 1 64 81 82 61 39 32 32 11 17 57 8 15 91 62 67 6 28 42 88 3 59 31 36 59 10 2 70 38 26 86 63 34 94 46 98 19 10 96 21 90 23 94 89 7 3 38 21 67 35 
56 69 76 43 24 25 31 97 64 7 88 83 51 10 16 68 4 32 22 24 5 55 78 39 97 55 81 41 59 48 7 30 63 85 18 73 93 56 75 81 81 75 16 100 42 3 78 81 88 74 26 14 35 20 71 38 67 79 86 22 11 80 35 99 36 97 86 38 32 9 80 53 58 85 93 57 18 28 89 18 22 92 91 50 31 100 92 70 44 96 40 36 45 97 48 87 35 16 18 58 
37 63 76 73 55 42 19 5 8 11 85 59 73 94 100 39 91 22 33 29 1 90 19 5 50 15 21 9 100 12 70 35 59 2 77 52 17 50 81 38 80 23 63 52 4 83 18 86 80 85 29 43 48 51 44 30 25 82 21 85 42 70 27 75 75 48 89 58 67 66 92 96 27 18 93 84 63 79 54 92 100 37 88 97 74 15 71 13 76 17 13 88 13 97 84 17 48 84 87 44 
53 45 37 96 17 53 44 65 1 21 13 76 58 87 16 80 79 52 48 89 77 92 6 58 88 68 89 17 44 37 28 71 27 80 18 70 19 51 18 41 14 62 79 90 23 3 46 53 45 87 84 5 1 98 38 30 93 86 40 65 6 77 19 36 68 94 48 30 33 76 17 81 51 49 57 18 12 14 78 27 83 72 15 52 73 16 28 98 74 94 83 18 41 89 62 76 2 70 59 9 
39 38 56 7 100 51 6 79 46 65 8 94 17 59 48 62 3 58 15 5 82 63 72 6 19 79 22 50 18 15 3 2 84 95 55 41 86 57 21 66 92 31 71 97 63 37 65 98 55 50 13 22 23 59 35 2 35 100 40 80 3 34 2 94 14 18 1 46 52 81 13 62 91 85 69 60 95 96 70 23 100 86 88 100 18 88 56 56 21 6 61 91 95 61 27 35 65 56 51 21 
59 42 53 43 81 21 44 44 100 48 11 34 85 86 86 6 24 54 25 26 20 100 42 54 8 70 27 43 53 63 90 90 50 1 62 73 44 68 51 13 79 11 52 48 87 90 25 46 61 27 32 18 52 65 50 99 22 86 9 66 61 16 33 28 66 84 10 11 66 25 94 67 18 17 71 20 51 16 89 52 64 42 21 4 57 26 78 58 10 40 86 90 75 28 18 43 62 16 2 94 
28 64 19 81 26 63 56 55 39 59 54 65 16 9 55 54 54 3 23 35 98 37 72 2 24 91 98 11 11 90 9 50 88 7 84 34 29 26 90 40 91 74 19 39 7 44 29 49 84 34 68 48 65 52 6 84 83 78 8 2 30 68 92 61 97 67 87 52 91 70 92 42 71 33 95 55 58 100 85 51 51 31 61 90 94 2 13 19 60 26 92 50 52 51 61 97 72 41 42 8 
94 83 68 54 84 41 13 56 98 1 39 2 24 58 9 4 72 5 67 50 67 14 60 63 38 57 30 4 39 97 30 48 24 82 35 86 37 41 36 62 5 87 78 26 54 88 41 37 54 100 85 84 91 54 47 89 1 59 99 58 50 59 26 6 76 29 10 37 43 35 35 85 44 92 69 17 25 64 3 79 35 10 66 92 67 66 63 57 56 47 17 67 63 80 55 9 20 4 78 61 
42 10 46 92 10 60 18 52 65 86 7 5 7 57 45 39 64 95 86 11 55 50 77 14 30 16 31 84 72 97 83 24 36 87 25 65 63 74 76 16 37 75 21 3 100 99 76 56 94 27 14 84 77 52 14 89 88 91 44 23 69 72 34 37 84 75 58 51 53 61 87 50 63 73 61 55 80 51 73 20 95 84 56 19 96 18 90 66 65 38 24 80 96 40 65 64 46 50 28 50 
18 67 15 78 25 4 46 95 6 42 79 10 72 53 30 37 65 18 64 89 9 74 26 47 93 1 95 36 11 33 94 30 78 84 58 84 58 97 64 49 82 7 9 28 64 79 1 67 64 91 21 32 12 98 40 40 82 12 43 29 77 10 25 51 30 65 51 62 73 73 78 55 7 92 58 42 39 15 14 26 77 70 32 8 84 97 49 11 62 91 71 31 71 75 21 45 95 80 59 32 
24 49 60 92 99 39 44 98 82 98 79 31 74 89 94 50 24 27 78 69 91 19 68 82 28 78 68 42 64 44 49 7 28 90 58 64 52 63 6 12 61 12 90 47 7 63 14 2 79 46 1 76 67 93 14 10 94 5 32 89 36 17 16 55 79 19 61 15 58 4 70 86 45 82 35 90 86 18 60 13 69 77 91 98 48 47 93 85 75 40 94 5 42 44 40 38 13 23 59 33 
34 75 38 43 11 29 16 59 3 56 70 75 77 91 6 42 96 88 17 16 21 57 26 27 36 55 37 100 96 58 90 45 52 60 96 53 62 23 76 95 79 73 43 26 75 71 40 56 46 9 1 77 43 34 17 65 17 38 43 84 29 99 40 11 33 100 81 99 19 99 43 37 29 72 12 73 34 53 37 83 6 14 68 33 29 40 8 7 35 54 96 75 93 73 73 76 81 13 70 51 
75 89 90 21 67 55 97 23 8 10 2 73 81 92 58 69 49 19 52 7 7 46 3 71 35 75 64 78 10 14 37 63 71 8 14 90 28 79 60 92 38 68 63 55 10 43 7 41 63 78 23 76 75 85 39 37 45 36 2 95 56 80 100 8 34 44 66 65 50 66 73 45 19 83 79 20 64 90 62 89 87 51 51 18 16 60 64 90 64 98 75 100 47 14 18 14 9 17 49 92 
13 96 74 100 17 18 62 72 31 15 11 22 10 91 13 80 54 63 18 100 94 54 17 23 49 16 21 89 20 79 13 99 95 79 97 64 93 15 98 57 66 71 50 57 94 9 98 93 72 91 22 11 89 84 11 72 98 77 95 25 85 31 41 69 25 96 4 90 1 82 33 67 35 40 41 95 78 20 1 50 79 79 56 94 27 31 68 63 37 88 60 39 89 40 43 64 80 24 68 38 
18 18 23 27 72 10 90 22 71 56 35 33 51 4 24 68 76 40 20 82 80 34 94 81 50 28 95 48 82 2 96 27 23 5 77 19 66 71 70 73 43 70 18 23 90 87 88 22 47 43 70 81 9 59 16 46 39 75 13 10 37 37 40 45 92 93 38 29 59 54 97 31 70 20 4 25 8 87 11 28 82 94 29 66 76 43 12 20 60 84 39 2 81 23 90 23 43 88 60 23 
51 7 70 61 62 10 3 41 42 76 42 16 71 64 53 79 92 73 16 69 78 28 68 39 24 40 52 44 84 70 95 45 23 72 39 18 57 97 24 94 6 58 30 37 94 91 17 16 37 42 33 32 38 33 32 34 9 59 25 69 14 93 58 72 55 54 40 91 98 46 35 48 3 62 59 18 76 40 58 95 26 74 49 70 48 92 27 11 90 83 83 25 51 36 69 82 58 46 62 49 
6 14 61 88 98 6 70 77 96 97 4 51 9 26 15 92 46 24 95 84 83 52 96 52 2 3 91 19 70 57 62 94 64 54 85 89 29 62 79 24 72 63 33 6 2 72 31 53 83 72 3 7 26 59 35 75 71 34 84 9 66 29 47 22 15 37 58 45 69 67 60 4 69 18 22 1 32 31 75 87 47 2 39 47 89 66 41 6 36 92 98 84 10 44 13 83 89 87 77 62 
38 53 28 26 69 79 30 39 96 45 32 91 38 43 65 86 23 4 7 69 56 94 100 29 57 22 67 84 98 1 49 41 31 76 52 94 18 2 23 46 78 21 62 26 15 93 18 61 70 63 59 90 90 33 89 73 66 68 3 13 29 2 7 57 91 19 97 64 51 18 55 97 40 98 61 13 80 14 58 19 80 28 41 33 81 85 22 45 91 82 34 52 90 81 57 72 39 54 98 44 
12 10 54 36 6 87 78 20 31 55 85 95 91 88 24 52 66 87 83 42 17 50 78 55 10 33 7 47 94 17 91 93 10 12 33 56 83 93 53 87 79 56 72 67 10 91 63 35 77 30 91 9 53 35 88 5 91 43 22 77 4 17 14 82 90 31 37 65 86 6 17 66 63 49 38 18 9 19 49 44 49 10 79 36 71 4 75 92 46 86 73 94 7 76 57 5 82 60 29 34 
97 75 92 97 43 16 12 47 16 18 37 12 14 82 16 31 78 76 21 78 6 34 57 31 71 59 87 50 99 80 100 7 66 60 94 98 38 49 21 21 72 37 98 85 69 34 36 5 46 78 100 64 53 17 54 74 14 32 74 7 85 47 8 46 59 76 81 93 95 85 93 7 59 37 26 51 59 54 23 29 63 56 63 74 1 96 56 53 52 72 73 56 98 38 60 95 15 12 86 60 
42 95 65 28 6 87 82 100 61 64 28 66 60 21 19 62 49 41 31 91 57 5 95 29 6 68 79 21 82 9 95 46 62 55 84 10 36 43 1 93 55 28 56 95 28 29 57 67 22 28 1 24 12 60 100 30 80 80 47 50 47 88 65 56 85 75 63 55 83 36 98 45 81 94 78 59 44 73 60 3 4 25 8 47 30 77 17 25 26 24 54 6 64 1 65 28 49 11 98 35 
21 78 1 84 10 65 91 49 15 29 40 85 83 10 35 28 29 63 47 43 97 91 43 21 83 60 100 59 98 55 79 96 28 38 7 49 76 61 77 72 90 90 51 44 27 47 35 3 80 65 76 71 83 9 60 34 18 71 8 14 100 29 55 46 60 65 3 18 79 13 34 43 57 91 8 15 26 12 68 33 54 7 68 31 15 100 1 75 35 49 17 37 52 66 62 57 91 84 9 6 
76 20 37 64 54 76 18 31 11 29 83 81 43 77 15 6 26 32 4 18 79 63 98 83 24 75 91 80 66 78 75 12 97 85 66 15 14 2 20 41 55 27 49 38 66 73 89 33 68 39 34 84 55 33 96 67 98 8 95 85 61 38 15 32 94 87 42 64 72 90 30 12 36 77 59 19 64 24 98 28 3 92 95 65 73 99 94 3 47 38 36 52 41 10 89 15 56 20 98 34 
71 54 79 89 88 19 47 68 96 70 73 79 93 14 67 43 24 82 54 18 72 37 3 12 20 70 61 93 81 70 1 2 65 31 53 66 63 48 84 87 87 62 68 57 93 30 18 59 51 82 72 51 13 32 17 39 16 11 72 60 7 33 32 71 88 67 63 25 73 86 72 3 33 39 31 39 94 82 15 54 75 87 5 23 52 71 72 49 4 61 37 96 81 9 47 68 80 81 65 81 
75 55 44 93 62 59 50 92 50 38 97 27 86 14 22 64 29 88 67 46 78 51 63 47 67 75 32 64 83 41 92 38 17 29 89 77 63 77 88 52 10 18 63 37 75 28 45 11 90 69 55 84 67 89 7 49 54 20 77 29 5 59 20 63 9 69 8 78 50 40 6 56 58 27 48 36 73 2 13 96 23 19 54 67 3 27 79 41 72 15 41 46 61 98 66 46 84 27 69 80 
9 44 86 51 74 35 99 63 71 48 67 62 95 60 3 37 60 56 97 3 59 36 44 56 86 65 55 77 56 8 53 66 12 72 89 22 6 38 99 4 90 22 60 55 29 66 6 90 93 17 3 76 100 23 1 55 26 9 57 90 49 16 12 23 11 60 62 76 62 18 90 21 94 25 95 36 10 12 18 70 93 37 8 42 68 95 55 56 8 88 67 52 49 63 79 40 62 13 10 20 
100 98 79 52 5 48 30 30 89 20 51 16 29 13 70 24 6 23 92 14 70 46 61 34 76 58 99 94 70 43 77 73 61 69 25 30 29 14 72 37 30 5 99 9 65 74 49 29 42 66 96 11 64 42 49 49 68 59 63 82 49 47 42 79 16 31 44 26 27 38 52 72 39 98 65 94 28 55 29 51 23 15 9 39 66 56 91 52 1 14 9 80 47 65 23 6 11 43 60 53 
48 42 76 40 45 42 34 52 2 41 70 70 2 96 65 67 65 60 56 65 47 30 44 41 9 100 54 80 21 82 78 80 56 67 26 71 55 7 15 88 95 85 28 89 42 58 32 36 41 99 31 13 22 98 15 4 43 58 48 67 1 70 96 86 99 29 41 92 25 61 31 96 56 81 46 91 28 21 18 74 49 73 56 90 34 33 56 95 40 11 41 42 96 20 46 43 58 79 65 23 
31 32 48 37 34 61 61 35 90 5 2 93 66 76 59 70 60 90 6 54 85 70 72 41 91 12 57 84 61 86 70 59 12 63 20 66 60 36 56 39 6 41 29 65 42 96 27 7 89 100 3 93 61 28 50 93 28 65 71 62 10 44 79 30 61 87 60 90 28 66 86 57 20 38 26 95 23 50 72 37 29 39 83 58 84 36 37 96 6 34 82 16 57 35 20 76 37 92 49 72 
2 69 60 63 31 14 69 15 10 16 49 77 92 93 56 59 65 1 9 2 24 19 15 92 35 19 94 61 43 85 50 71 73 14 65 2 10 37 25 86 67 50 42 42 14 64 81 74 10 26 4 90 92 90 36 51 41 85 100 63 13 43 76 44 6 57 38 26 90 82 66 1 40 62 54 100 87 92 53 59 90 13 80 56 41 71 31 71 82 33 75 66 75 78 73 44 34 42 59 63 
66 82 69 61 95 97 97 72 71 33 63 39 82 9 35 88 34 70 72 53 65 55 24 86 38 57 69 68 70 88 84 24 92 41 5 78 1 31 85 55 23 99 77 72 76 11 46 53 13 41 65 62 95 75 18 50 72 24 19 98 74 40 100 48 87 12 34 47 56 11 84 24 48 19 2 71 1 77 79 98 25 25 81 72 64 43 16 71 99 13 66 73 24 88 61 25 97 94 21 17 
25 43 38 94 7 39 87 8 76 4 37 74 43 8 89 16 59 41 60 25 27 71 18 32 42 23 54 22 6 7 30 45 86 29 25 81 83 60 30 55 12 1 47 60 42 70 35 88 25 20 52 65 21 35 31 33 30 33 6 85 20 60 83 92 4 86 95 74 4 1 64 43 28 28 83 12 79 59 7 16 14 11 53 46 4 86 60 100 70 94 51 99 9 16 89 62 64 32 11 36 
100 91 71 18 45 28 5 52 55 33 51 91 99 6 54 45 7 81 13 21 79 83 67 19 13 81 28 31 92 66 7 14 37 67 16 92 43 37 60 64 72 2 55 25 24 40 76 49 53 46 83 67 72 81 36 26 19 61 30 39 23 45 39 54 87 17 25 58 61 96 31 20 46 45 44 2 78 30 73 73 26 9 64 41 17 94 60 60 14 11 12 76 47 14 97 5 37 84 85 66 
93 64 87 39 40 47 32 23 47 20 10 72 37 3 42 78 23 59 56 13 63 15 88 43 30 8 5 3 10 48 98 46 76 12 92 16 65 42 92 55 75 86 22 90 73 9 68 97 72 89 84 27 44 5 3 70 74 36 39 82 4 88 65 83 78 28 79 63 93 78 97 49 81 50 56 38 30 85 96 71 55 46 62 9 80 16 66 48 55 59 14 84 70 40 72 27 13 44 3 75 
29 91 20 98 77 98 47 67 4 49 23 66 90 34 76 22 77 41 71 16 41 64 18 55 13 32 82 67 24 78 40 39 84 96 59 100 30 51 66 43 28 69 80 28 20 91 25 29 25 73 62 75 35 41 69 32 48 67 1 30 13 8 94 30 28 73 45 73 54 59 33 53 56 13 68 21 1 93 11 23 37 43 80 36 23 40 94 98 18 17 66 45 25 67 86 27 52 21 53 4 
19 7 30 28 21 98 31 76 71 9 70 75 31 12 50 14 76 53 39 18 73 25 54 52 58 86 13 1 98 30 74 24 30 16 96 81 28 2 93 48 71 69 62 47 93 91 28 43 40 81 58 42 12 53 58 36 97 54 90 77 48 73 49 38 17 33 55 19 48 31 10 83 24 95 38 21 94 38 44 26 3 84 67 51 76 66 98 90 54 30 38 15 10 71 96 11 11 28 14 38 
92 15 64 38 90 41 11 88 70 100 47 79 38 60 67 64 47 12 19 6 87 70 36 54 43 15 26 62 82 88 90 81 54 93 53 64 10 28 86 11 14 83 70 78 47 24 37 53 24 39 63 64 23 72 6 50 58 33 11 49 68 21 72 30 98 74 73 17 42 13 10 21 29 36 46 39 7 43 5 25 88 28 34 68 9 31 78 14 80 78 12 90 96 14 89 10 72 34 10 59 
26 66 52 4 68 83 91 77 14 35 68 28 34 92 24 53 96 86 13 71 84 19 70 37 71 24 48 62 37 50 38 52 5 59 35 2 52 87 48 56 32 87 9 10 22 34 86 19 17 18 19 39 45 71 57 93 9 3 42 83 42 97 63 95 87 63 49 22 35 72 34 75 35 67 20 99 10 96 61 64 1 59 25 98 29 79 75 30 22 33 20 29 64 39 79 49 28 14 95 69 
57 58 76 56 73 82 12 3 51 88 82 74 47 85 80 77 85 79 36 51 90 47 64 31 65 62 76 51 53 94 40 63 9 82 99 88 80 80 51 97 14 92 68 41 86 62 49 84 79 61 52 93 6 62 79 29 92 22 70 65 58 10 50 62 76 34 60 44 11 87 66 64 40 71 27 60 56 42 17 93 35 8 26 34 57 26 43 34 69 84 93 5 4 83 2 36 53 52 32 29 
58 38 81 93 53 53 43 58 20 60 32 7 24 69 42 68 29 53 73 33 93 32 87 6 79 99 12 11 49 46 31 60 24 56 67 92 78 28 43 63 27 49 51 74 62 97 88 97 54 39 48 90 60 69 2 54 1 1 38 74 36 45 27 75 75 49 30 47 40 25 47 100 6 22 77 93 55 26 80 31 100 42 43 2 52 37 77 57 50 74 3 60 36 77 50 74 53 29 94 8 
31 70 52 77 87 19 35 3 95 27 93 18 25 74 48 17 100 67 66 14 87 5 99 96 57 23 63 84 92 12 73 35 92 31 26 47 16 74 7 77 78 47 51 84 49 89 73 29 96 23 83 28 44 9 52 17 15 93 48 65 9 9 70 48 55 24 79 93 32 85 41 47 14 71 57 15 24 22 28 58 59 93 51 7 46 71 72 53 58 16 16 26 15 63 36 4 11 2 58 26 
6 92 50 51 2 25 20 73 98 12 78 59 45 31 2 71 3 49 23 35 63 26 84 93 54 44 9 35 98 34 28 15 79 35 65 50 69 88 3 89 30 61 37 84 5 99 64 58 60 80 29 99 10 85 25 56 96 44 36 9 6 77 11 98 67 49 92 39 39 53 12 46 82 20 36 64 25 11 2 21 78 55 76 24 43 3 60 73 18 43 58 67 17 22 16 84 67 22 78 98 
83 26 60 52 86 90 82 57 71 59 89 10 89 70 50 35 7 5 8 54 78 16 29 29 59 94 53 87 94 8 72 62 87 30 28 69 37 17 59 5 20 23 57 68 82 58 14 19 38 81 72 30 49 9 34 6 98 39 55 17 69 1 66 37 12 19 67 97 17 77 73 97 49 15 57 6 100 57 24 28 64 22 50 77 76 26 48 14 7 63 43 41 47 43 14 61 100 47 79 28 
56 16 77 97 7 26 79 22 5 50 22 9 39 30 39 93 62 17 55 28 18 3 67 98 58 66 80 32 27 84 62 97 5 98 71 65 25 40 59 16 100 84 73 36 49 97 94 74 60 35 25 60 3 16 98 6 53 98 55 83 90 78 85 91 77 92 22 63 92 54 81 51 3 43 38 87 42 65 8 34 36 17 54 51 88 72 6 49 53 66 75 87 12 11 33 38 61 23 12 1 
41 56 10 17 5 33 36 79 39 15 29 80 26 11 51 2 62 86 2 88 40 17 29 2 15 98 6 32 11 100 30 68 7 67 63 93 26 9 71 65 40 91 75 49 95 90 3 13 26 47 74 64 30 75 1 7 81 11 16 23 62 100 33 58 52 55 6 32 78 79 80 46 25 36 78 14 15 38 82 28 86 8 68 96 58 33 18 70 88 62 20 52 69 18 5 35 72 6 45 26 
28 32 46 7 14 11 48 23 45 86 65 95 22 37 63 26 70 72 29 2 78 4 40 91 39 18 17 56 60 55 69 32 32 36 15 95 7 80 41 14 15 95 20 64 30 27 36 8 63 84 24 29 66 14 11 90 13 69 26 42 92 51 35 29 68 23 2 63 90 59 100 35 16 15 56 95 68 85 31 62 59 89 39 32 13 19 81 95 49 9 20 47 41 79 67 36 66 91 57 1 
48 32 33 33 36 76 81 81 88 73 1 99 72 26 7 20 85 64 15 44 5 96 78 35 27 7 68 2 7 80 55 26 50 94 26 61 21 49 48 64 51 85 86 56 19 9 21 100 100 86 91 3 8 39 39 70 3 55 29 26 98 68 21 31 30 63 76 91 9 65 3 21 29 90 73 22 92 22 45 67 10 83 26 84 45 21 87 89 41 46 24 3 17 13 2 48 51 19 88 84 
57 99 74 53 25 52 29 7 91 51 80 15 9 28 58 74 32 25 87 8 89 43 81 76 81 67 19 89 63 46 50 89 46 72 18 36 15 44 45 8 60 24 65 99 13 34 76 49 20 79 97 11 4 54 97 29 37 28 13 31 76 90 17 71 29 34 26 29 8 4 47 72 36 86 43 41 33 99 9 26 58 68 74 91 89 67 36 48 14 57 41 16 21 3 70 34 83 72 90 100 
95 79 74 66 54 6 79 75 44 68 1 2 74 44 7 62 89 73 14 58 85 94 80 31 89 22 88 87 50 44 18 9 95 23 76 67 100 92 75 87 10 51 96 26 6 84 91 93 92 41 9 23 64 26 100 58 18 76 51 58 68 8 11 98 74 90 57 70 41 25 26 16 26 36 7 100 92 48 92 81 29 35 42 86 95 49 97 42 77 43 53 54 4 1 24 52 64 57 2 33 
74 41 62 94 14 51 30 83 28 8 43 99 76 77 70 85 17 5 13 26 41 22 100 35 50 83 84 95 23 97 81 79 1 43 9 73 30 17 60 2 6 46 77 32 23 64 44 26 25 39 52 66 10 76 48 51 82 92 66 62 37 39 85 32 94 77 25 33 66 93 72 8 95 91 64 77 54 57 42 91 49 22 90 65 72 15 87 27 30 95 58 25 50 1 91 38 51 30 6 56 
20 69 77 14 65 26 59 65 33 5 83 4 100 51 17 61 85 77 71 41 95 11 24 57 100 18 99 81 1 94 51 1 89 65 89 32 62 83 64 90 45 71 75 56 74 62 64 2 97 20 8 78 62 40 65 11 3 98 5 19 98 87 60 2 17 26 69 9 30 95 50 14 20 100 32 70 52 98 91 38 32 98 80 59 58 48 26 89 72 20 85 76 5 79 43 26 19 29 69 36 
76 72 30 99 13 32 77 21 96 51 9 8 32 88 82 43 3 98 84 96 17 33 39 23 55 25 4 64 11 71 91 79 20 55 58 59 66 70 97 56 96 19 79 8 31 56 66 48 21 10 4 29 12 96 62 8 4 43 80 47 5 52 98 62 23 98 5 66 78 91 6 22 50 40 3 97 34 85 34 28 100 38 57 55 22 60 28 3 83 80 43 33 47 37 32 18 10 46 51 54 
62 97 63 92 4 45 13 53 34 26 34 80 68 51 46 33 58 77 31 77 97 1 30 92 47 89 19 78 78 17 50 56 18 96 11 44 27 86 61 52 5 7 26 43 90 65 2 19 63 61 97 31 24 98 13 68 6 73 80 6 87 92 3 44 99 36 21 12 33 34 58 64 61 25 69 38 89 16 100 80 66 51 33 16 44 76 68 15 11 44 8 92 92 95 27 54 4 40 56 47 
24 46 88 45 86 92 62 40 78 39 75 24 78 89 29 42 40 78 33 48 48 39 54 59 13 73 10 24 58 97 69 97 65 3 42 20 55 97 62 66 47 43 40 6 45 32 36 91 52 4 73 83 42 99 50 78 16 83 5 87 38 92 38 74 36 15 69 55 68 7 97 41 13 98 27 2 44 86 92 95 95 79 33 5 73 35 49 100 36 53 40 62 52 22 48 96 79 99 86 45 
4 70 63 81 57 17 16 66 28 82 46 56 89 97 34 73 73 70 34 51 72 42 31 65 6 68 63 84 38 93 8 21 12 49 13 81 49 88 51 57 63 63 84 87 2 62 70 66 51 45 49 92 53 2 17 54 83 26 30 61 28 48 6 28 61 36 98 65 91 37 66 81 47 74 57 37 82 49 58 91 63 29 30 52 71 87 24 32 91 4 98 76 86 16 83 29 63 81 22 71 
99 1 36 22 50 86 29 65 90 47 20 2 94 71 95 69 8 100 89 90 64 88 89 97 26 59 80 90 40 84 98 70 73 52 92 10 61 31 22 93 61 46 66 74 93 68 1 59 30 10 92 3 57 83 86 38 73 19 46 59 37 26 63 94 77 37 71 21 83 34 59 38 81 28 19 64 30 79 98 81 82 4 53 4 73 25 58 22 61 30 10 38 24 40 39 76 3 9 17 96 
34 20 78 29 32 21 25 6 57 73 33 38 39 42 45 19 53 79 97 85 81 66 34 54 61 34 5 93 49 83 86 63 18 18 85 98 11 91 56 5 8 17 21 89 20 83 54 60 5 8 66 73 31 49 33 33 51 65 35 100 28 78 13 44 23 59 40 89 100 83 31 95 38 44 20 83 32 42 30 69 95 2 83 9 75 76 20 73 3 92 10 79 12 73 66 7 40 52 79 9 
30 21 2 3 74 57 4 39 48 36 57 33 72 55 24 40 43 26 46 92 41 96 3 26 28 27 12 33 94 31 94 29 68 96 44 83 45 38 29 89 43 9 96 84 66 86 74 44 51 30 39 34 75 18 64 51 30 79 68 76 95 78 94 70 13 16 74 42 70 55 76 48 39 43 92 51 21 56 82 34 36 84 82 36 9 84 14 86 80 31 16 87 99 46 21 32 6 52 29 72 
51 4 72 60 11 37 93 65 9 10 47 33 89 50 84 54 11 100 97 45 99 97 20 86 96 3 44 41 12 45 79 28 37 98 66 33 58 65 44 56 14 33 1 50 81 32 51 54 45 83 52 99 13 10 66 74 76 48 19 23 13 57 81 63 84 14 44 25 3 76 68 3 38 69 89 4 90 47 7 71 100 61 87 72 32 68 46 90 7 1 45 75 8 38 93 65 27 54 4 54 
22 12 32 96 67 51 78 61 52 25 64 12 50 25 46 87 39 79 4 81 91 54 53 43 92 42 81 31 1 78 37 67 18 100 61 70 52 57 22 31 62 69 4 41 8 2 41 19 47 10 20 99 42 44 6 49 34 8 79 16 86 4 40 50 19 46 13 80 57 34 27 28 98 30 12 59 93 11 67 97 53 33 71 48 24 51 99 98 4 8 78 1 8 7 85 32 93 54 71 66 
76 49 72 78 46 26 89 55 34 15 12 85 72 99 70 66 62 76 40 15 99 27 57 93 56 43 24 2 2 26 88 19 79 41 51 77 97 19 90 61 29 65 13 1 68 16 52 19 50 70 98 73 83 70 46 16 65 99 63 2 67 54 84 50 7 57 73 15 40 67 51 99 70 19 37 74 27 70 9 69 33 68 31 17 99 5 15 7 94 41 47 21 48 49 37 59 82 77 89 37 
17 33 94 13 88 6 89 86 23 14 42 17 88 59 12 83 69 10 40 41 52 15 7 51 73 28 32 97 1 64 63 67 22 72 85 60 50 94 34 33 59 57 64 69 78 61 77 88 64 11 39 94 99 87 75 98 16 2 54 16 76 26 71 38 6 28 54 38 64 57 2 25 40 42 96 56 29 1 57 97 97 9 60 42 76 55 99 57 86 33 8 61 9 88 17 7 88 16 68 6 
93 49 31 88 79 54 30 5 61 41 75 62 47 8 39 67 16 72 80 12 39 19 20 94 66 83 48 80 16 54 55 95 54 28 85 24 65 60 77 33 74 98 42 41 20 55 95 100 10 84 35 43 72 36 47 16 55 35 87 86 93 31 46 100 71 60 49 95 100 23 1 80 51 100 5 42 66 75 21 89 88 92 49 83 11 44 53 12 95 88 74 46 63 33 17 3 82 64 45 5 
87 42 93 17 25 5 43 92 17 48 19 73 62 35 91 21 57 30 40 7 21 99 44 64 69 81 36 30 23 44 84 78 62 74 65 85 96 19 77 34 54 39 4 42 58 53 22 28 54 13 98 11 29 87 25 18 43 96 86 75 49 89 99 69 74 68 97 55 22 37 29 88 86 79 74 41 7 96 64 67 25 57 49 34 59 14 33 53 1 11 98 55 9 21 85 66 47 87 37 46 
24 93 79 53 54 25 87 73 89 13 45 19 60 37 75 91 31 19 93 38 69 14 95 54 23 67 66 29 12 77 40 8 100 33 56 12 21 22 62 53 18 26 68 38 73 56 94 40 70 81 47 90 45 21 32 72 36 73 72 6 80 86 65 2 80 55 18 28 45 68 7 94 50 10 67 78 69 16 57 50 15 85 84 79 80 68 65 52 28 94 22 51 86 8 89 52 95 28 45 3 
71 9 40 92 77 69 100 30 49 82 11 74 69 60 85 60 92 19 17 16 37 39 76 85 65 59 28 65 93 2 17 49 35 29 20 14 62 69 16 13 65 86 81 1 8 68 78 1 6 45 96 58 99 74 34 22 86 33 21 19 15 39 15 49 21 19 25 39 13 49 32 50 9 74 26 55 90 44 42 74 22 50 54 41 5 5 40 100 75 4 61 23 94 60 78 41 8 58 42 82 
60 98 4 77 36 42 20 16 16 26 28 27 95 56 63 3 88 3 57 65 13 46 62 56 44 38 99 65 74 31 25 83 79 22 42 72 2 91 93 14 75 55 72 77 42 40 7 52 54 91 1 63 32 61 31 21 45 37 73 41 4 31 43 70 72 61 31 43 2 44 42 35 87 95 68 15 88 17 3 44 84 5 18 57 61 49 81 53 94 48 36 66 7 65 21 70 4 8 53 80 
62 78 23 78 42 47 50 94 9 62 61 20 72 81 75 80 31 44 50 90 33 66 25 55 14 75 10 82 89 3 83 76 99 55 2 6 46 26 6 85 47 87 58 33 49 84 76 9 75 92 28 29 47 28 46 83 79 45 67 30 39 66 19 70 12 47 54 18 60 87 90 1 47 37 90 59 20 32 73 64 12 31 36 56 63 8 10 40 38 82 65 2 21 48 74 57 98 22 82 45 
12 73 48 11 77 95 10 58 13 9 25 66 48 40 60 70 38 93 18 91 27 97 47 57 10 77 80 31 24 88 48 16 79 90 31 12 80 9 6 52 45 77 75 42 75 69 57 78 93 80 17 87 15 6 92 19 9 99 49 52 3 28 12 68 67 30 46 15 62 40 73 83 87 3 52 2 86 67 35 26 92 97 47 97 57 37 70 95 89 21 80 11 80 67 19 34 36 41 76 76 
29 69 96 98 19 19 36 25 9 41 83 83 79 8 3 42 43 69 13 82 68 10 26 93 85 75 19 25 63 59 79 87 52 61 98 58 93 37 37 16 45 31 73 13 74 13 88 20 69 8 74 33 43 85 25 61 34 66 96 53 58 6 25 35 47 32 89 62 87 48 56 16 55 69 32 97 62 17 38 2 18 83 24 75 88 46 28 91 50 51 87 37 72 23 38 70 87 36 9 69 
18 69 29 86 40 61 85 49 78 21 100 76 97 32 50 35 31 75 84 100 75 14 28 9 56 34 5 94 39 44 42 17 70 52 84 2 26 26 42 20 81 14 66 90 58 68 9 99 42 68 19 9 48 30 55 6 4 9 30 18 47 70 30 61 15 89 3 37 50 58 31 40 92 61 51 98 95 44 26 14 71 44 97 29 13 64 69 43 69 53 60 83 1 25 17 1 37 21 98 48 
3 35 34 9 71 66 42 78 8 100 8 89 49 64 73 20 84 34 7 13 74 42 25 85 96 32 61 67 97 84 5 45 49 1 62 95 30 59 6 11 85 69 1 94 23 4 17 47 56 81 76 70 99 23 33 73 78 56 81 78 53 34 6 71 23 85 89 18 19 40 19 5 53 64 5 64 35 57 90 62 24 18 86 75 5 97 11 71 26 37 62 26 79 53 83 43 35 40 30 2 
