100 100
7 68 91 30 89 98 54 88 30 47 10 78 34 6 90 100 75 78 42 13 66 34 58 6 78 8 35 36 8 93 40 40 73 26 20 8 11 39 67 19 16 21 56 27 2 22 31 89 23 58 77 52 93 31 69 69 93 29 73 65 27 73 71 91 25 70 15 91 28 48 5 90 56 51 42 86 12 14 83 58 93 46 44 18 72 65 40 1 25 3 87 69 15 40 77 4 16 36 38 47 
45 68 68 5 10 70 19 72 45 78 100 34 7 92 55 100 59 33 33 44 26 60 80 56 90 93 18 77 30 40 84 81 21 63 57 82 60 32 1 17 100 64 19 81 92 11 65 7 75 43 99 37 88 27 32 48 93 3 25 22 69 8 40 70 98 67 3 10 35 58 5 68 10 38 41 49 87 26 26 32 12 98 2 86 26 34 80 49 53 22 50 15 68 69 11 49 44 64 21 82 
51 76 35 59 97 5 7 76 60 62 62 95 72 61 55 97 100 24 95 10 80 81 68 96 10 89 6 6 40 6 57 46 51 69 15 16 5 43 4 61 7 3 50 12 1 24 90 19 19 14 19 53 4 3 13 23 51 15 58 4 78 93 94 18 38 59 6 74 82 31 48 32 64 100 89 98 28 93 83 31 62 9 87 86 60 86 9 50 24 70 88 53 25 41 78 54 69 58 73 94 
49 48 44 97 23 90 76 22 67 4 39 86 77 82 91 95 25 76 19 63 47 40 14 97 93 14 95 8 94 76 86 46 53 32 42 81 28 48 31 85 14 2 15 61 14 54 64 48 81 51 93 60 30 95 25 34 68 20 90 67 50 53 86 74 62 61 45 37 12 5 76 12 26 32 43 55 28 95 46 26 12 11 65 23 27 26 60 19 80 50 6 44 8 95 86 29 62 29 11 35 
15 84 83 10 45 1 2 39 90 69 41 96 65 100 22 30 13 39 22 9 37 12 100 92 32 34 1 68 61 38 26 20 9 59 43 51 75 85 61 13 20 14 8 60 90 15 59 25 88 39 46 44 17 57 75 24 31 85 10 66 80 59 22 82 100 60 52 59 95 10 10 32 32 63 100 25 91 71 88 59 58 61 9 89 50 74 59 74 55 8 10 89 60 31 49 73 72 91 46 87 
2 38 74 24 10 82 21 37 16 30 34 71 19 30 80 13 80 97 11 37 51 58 100 100 28 31 75 73 12 14 14 65 1 73 37 48 98 65 65 75 98 95 74 50 18 69 75 76 6 81 36 61 10 54 43 12 39 28 27 28 49 3 63 19 72 86 17 92 61 13 92 26 71 80 93 21 87 49 36 74 66 11 4 63 70 86 95 65 99 18 62 14 97 25 5 9 85 81 48 10 
31 48 31 25 33 26 48 65 75 23 67 99 69 24 42 54 100 75 26 74 81 53 61 55 72 78 76 19 30 28 3 46 1 94 49 39 42 76 11 56 94 20 8 51 9 69 80 36 49 44 1 24 68 56 7 32 33 58 98 83 46 84 89 60 42 48 78 66 90 93 73 8 59 86 87 45 31 100 68 85 96 92 86 76 62 86 93 46 97 33 12 14 98 63 59 65 26 7 96 18 
88 55 71 10 6 55 42 16 20 11 72 57 58 48 7 10 90 57 26 18 22 72 27 34 19 32 58 95 27 15 30 85 96 39 16 81 46 27 66 85 30 24 76 96 97 83 27 64 76 20 71 14 76 68 39 86 31 14 66 56 15 96 65 49 24 67 21 25 70 65 36 23 52 54 44 4 59 98 14 56 77 7 65 18 35 6 74 15 83 61 48 45 4 72 32 32 46 18 62 76 
81 77 1 87 93 23 96 58 100 84 52 94 27 49 15 81 57 72 58 88 91 11 44 31 1 68 11 53 95 66 43 59 90 92 92 12 83 57 51 62 53 74 79 83 32 9 55 38 92 71 21 86 75 16 49 6 12 41 33 51 59 3 13 40 84 81 61 32 91 44 13 39 51 41 9 18 11 79 62 91 76 24 63 83 18 29 63 18 20 14 82 38 74 4 29 92 5 24 63 15 
46 54 70 25 24 4 64 60 85 91 61 49 67 32 72 66 27 78 42 97 19 60 51 93 90 69 95 30 42 46 37 26 11 66 71 59 71 100 12 79 2 9 67 71 79 35 30 54 5 24 100 20 41 79 66 51 33 35 36 73 100 19 80 61 64 19 56 77 40 57 9 43 93 66 33 45 10 63 49 58 72 98 29 9 94 49 16 13 13 52 28 84 46 80 32 93 47 25 82 18 
88 27 63 27 58 65 96 10 19 56 53 42 70 14 12 92 2 99 10 32 37 48 24 1 57 60 60 21 29 88 94 18 9 50 28 67 42 30 96 80 9 29 39 3 31 62 58 70 69 76 60 49 84 44 91 39 92 93 55 58 36 52 26 13 83 10 10 85 2 90 36 26 67 51 12 52 6 26 53 56 94 40 44 93 17 82 19 83 73 80 12 60 28 17 27 28 45 8 47 22 
22 59 8 35 95 20 85 24 3 19 80 79 28 60 31 64 91 97 88 90 61 42 20 22 47 42 82 62 50 77 80 99 12 23 24 48 40 6 77 30 5 17 92 61 91 3 6 86 30 92 10 59 89 85 61 25 74 28 89 56 37 74 3 63 29 91 92 59 57 55 75 32 76 60 47 4 25 82 70 73 37 49 72 20 27 13 54 27 35 64 87 87 12 47 12 17 54 35 64 66 
30 61 20 59 33 61 18 81 94 7 69 87 66 100 48 4 13 36 74 25 55 71 71 79 55 44 12 48 65 37 23 19 54 11 4 62 4 24 85 60 3 98 26 15 67 50 57 33 34 89 48 30 12 16 77 42 15 18 42 14 69 87 46 37 97 40 74 10 45 39 72 29 75 75 38 41 56 30 30 51 99 70 50 19 39 79 50 98 73 32 72 31 21 5 37 9 94 86 2 76 
48 94 67 69 43 2 64 21 50 39 3 79 50 41 26 59 9 85 15 83 92 59 74 52 67 48 52 90 51 48 25 58 58 23 37 78 5 62 70 48 13 51 55 51 84 10 6 23 77 71 15 50 27 97 18 67 42 18 71 83 75 19 28 84 55 64 84 55 8 99 59 63 24 4 67 19 19 60 88 43 49 4 55 100 11 100 93 89 87 46 47 20 23 13 35 10 10 63 8 3 
73 26 39 16 51 81 39 89 78 70 47 96 24 42 61 8 85 71 90 48 8 18 42 34 94 8 53 83 38 11 25 23 53 37 1 53 81 6 17 26 5 27 32 56 88 28 61 88 54 29 53 90 39 54 60 14 61 64 12 31 77 67 79 78 4 78 2 19 58 100 65 39 55 30 13 35 34 24 73 58 40 13 89 92 8 75 65 70 79 42 42 34 95 15 24 2 5 83 59 53 
51 25 92 54 30 75 85 19 96 6 52 96 37 48 49 93 56 4 55 38 76 51 59 74 93 88 45 44 12 55 9 67 90 4 48 10 95 52 29 77 72 88 74 28 49 11 66 98 56 91 82 68 2 3 28 63 58 82 79 65 39 40 12 54 92 37 76 59 51 11 77 49 66 48 36 16 47 80 63 100 4 30 82 84 15 4 81 10 34 59 50 52 45 9 93 5 17 1 62 26 
46 88 40 34 44 86 84 36 10 3 93 41 3 67 22 85 77 33 69 61 45 14 74 97 72 85 66 90 56 67 98 67 46 5 49 33 37 14 85 50 5 97 98 28 70 47 79 91 68 14 39 54 2 88 47 95 98 98 15 5 43 58 59 19 82 69 83 27 5 52 96 72 96 26 72 83 9 94 57 78 42 66 89 57 48 74 42 38 55 96 86 19 35 72 68 33 87 51 27 24 
16 67 6 68 35 6 40 3 10 2 51 27 11 41 97 76 90 61 7 72 28 18 16 49 37 50 15 93 44 54 68 34 33 92 1 20 37 14 54 68 80 86 76 27 51 29 73 80 63 18 32 55 41 49 98 57 24 29 21 11 26 81 50 95 91 59 75 83 31 10 59 71 12 92 10 19 19 93 23 73 78 9 52 3 17 62 21 41 10 45 48 2 97 64 89 96 14 83 36 23 
83 98 96 98 27 72 55 36 91 17 30 80 83 58 17 23 66 47 29 95 14 72 68 96 87 39 62 37 39 87 26 49 6 100 25 35 15 29 81 64 30 17 83 34 12 6 71 34 46 67 34 89 65 70 23 20 40 38 42 62 82 2 74 50 2 18 63 34 30 46 82 82 29 65 39 17 3 55 78 8 100 33 74 27 7 49 90 37 21 66 94 63 71 60 77 62 75 72 79 9 
69 31 5 38 35 52 73 83 74 67 92 73 100 68 29 23 17 21 58 53 78 75 66 22 82 59 9 51 90 12 73 31 56 100 90 70 94 24 63 49 66 88 48 6 74 87 52 29 2 33 27 18 29 88 48 64 96 65 16 62 25 50 99 54 92 96 53 59 53 53 34 4 17 67 41 96 59 15 72 97 9 26 7 89 55 8 77 74 31 85 20 62 36 62 76 52 82 22 85 59 
28 31 7 71 50 13 16 82 5 55 37 70 56 32 11 21 83 6 97 86 24 99 84 8 60 25 32 5 31 98 30 47 27 35 18 40 31 82 8 82 12 86 9 64 7 14 60 81 65 36 18 9 93 95 84 68 72 91 91 23 38 34 50 65 86 6 58 5 79 24 40 57 29 81 78 86 73 27 48 51 76 91 54 63 40 59 18 99 44 67 66 82 72 32 47 34 52 3 86 11 
57 50 55 63 45 41 29 40 28 10 44 95 33 35 10 73 32 20 58 22 48 53 76 19 12 73 5 8 90 29 10 54 47 76 93 8 87 67 63 63 71 36 34 75 37 39 41 27 84 2 65 75 20 72 69 96 40 71 99 69 69 7 96 29 2 51 84 62 45 73 86 54 69 80 86 90 75 4 87 51 46 1 76 80 43 82 12 47 36 88 60 92 45 74 74 90 35 65 26 53 
74 86 24 29 76 33 86 64 87 11 62 18 74 8 73 36 33 43 57 13 41 34 86 55 47 61 21 55 13 20 82 63 44 56 55 34 23 16 4 49 58 90 16 30 100 77 88 18 55 28 81 18 22 49 42 77 22 12 87 65 3 51 64 63 5 82 46 28 36 28 47 76 81 32 41 100 19 23 62 33 77 62 84 24 87 44 74 28 86 62 50 45 22 51 8 38 89 12 96 44 
21 80 14 92 20 41 23 77 8 66 78 91 54 94 36 45 42 75 3 95 7 81 20 27 39 63 93 16 80 35 54 51 26 5 11 94 96 37 98 15 95 23 41 81 4 26 60 90 61 97 22 34 19 63 42 51 84 28 39 64 71 45 59 51 19 55 91 58 14 57 22 79 63 37 88 81 3 57 28 54 4 70 51 19 97 81 78 1 68 69 81 63 70 50 88 73 78 62 29 33 
72 75 58 88 42 31 49 11 43 76 60 6 40 36 25 27 68 35 82 50 39 63 47 37 19 98 1 26 30 21 55 73 78 50 64 60 68 44 22 4 26 67 69 51 95 72 58 70 20 2 88 86 79 51 21 32 94 41 60 44 47 25 72 79 93 37 49 56 99 36 15 48 37 26 28 16 9 99 35 65 84 30 80 3 44 60 43 58 43 69 73 30 87 100 75 93 58 14 40 78 
67 33 45 18 14 42 13 82 65 17 40 40 58 32 3 77 41 71 16 46 8 8 10 42 39 45 38 72 10 96 10 98 14 67 81 37 41 30 19 6 85 56 10 39 81 93 75 49 74 73 62 34 91 97 65 64 83 66 17 28 32 67 43 56 90 15 94 5 14 35 88 29 10 49 95 5 15 91 19 82 78 27 99 49 50 66 85 25 100 60 80 80 86 74 15 70 35 45 88 31 
2 16 100 81 6 90 95 82 77 51 34 49 52 17 80 31 61 90 37 9 17 3 73 98 58 9 5 18 88 8 31 41 59 95 1 81 95 10 39 49 41 69 73 3 35 65 1 84 85 24 13 2 64 95 25 38 66 84 58 7 100 74 67 15 62 19 60 90 80 78 31 41 88 24 95 31 85 79 7 71 2 61 42 10 3 11 20 41 72 100 81 26 39 52 34 43 12 36 41 28 
73 38 100 54 24 9 16 70 77 93 28 75 30 97 76 42 45 94 72 74 73 92 43 25 21 14 39 97 42 90 92 76 1 41 22 21 11 3 46 48 83 35 78 45 3 69 9 77 84 52 81 98 50 73 57 75 42 85 94 9 96 86 25 72 60 64 28 16 84 88 52 51 35 41 62 22 92 42 56 99 31 34 13 31 18 40 85 83 30 76 51 2 64 94 39 26 97 24 38 17 
36 94 86 87 37 46 96 86 65 8 45 61 50 41 63 76 3 25 46 94 75 21 10 12 3 4 59 76 57 80 55 54 80 83 92 16 32 48 8 27 50 82 57 53 28 26 87 84 76 22 95 58 54 51 62 60 97 18 56 74 33 28 62 20 14 47 56 46 82 21 44 73 39 86 5 98 92 99 78 34 41 66 99 51 62 34 13 59 87 2 18 15 75 16 74 6 20 10 46 80 
14 65 83 84 83 40 55 56 51 3 41 20 5 36 69 61 74 78 88 16 31 77 37 34 20 92 62 100 15 81 93 50 96 96 55 5 77 62 90 82 5 59 29 45 42 78 99 27 7 51 22 9 10 78 66 29 56 71 42 64 78 38 56 78 48 54 82 100 61 13 47 1 41 33 83 58 26 65 58 17 46 64 3 67 24 59 60 85 13 10 72 93 52 88 39 40 44 2 1 55 
34 34 2 27 84 13 97 5 46 3 71 68 31 18 20 57 10 21 20 77 76 91 78 38 30 54 21 39 59 44 97 56 14 25 87 67 14 40 78 27 45 46 35 38 77 13 35 70 41 12 96 21 75 48 90 20 81 42 8 3 76 12 42 11 89 70 39 42 61 6 38 28 35 68 39 46 25 38 76 70 55 32 4 43 42 50 65 2 64 3 27 85 21 79 59 40 69 43 59 36 
98 64 1 83 68 5 2 54 60 50 1 24 19 32 25 32 49 31 75 51 27 57 68 65 30 48 4 31 68 56 23 84 76 39 3 69 72 43 26 28 35 5 76 3 68 28 57 54 76 20 100 51 34 25 32 41 61 25 38 82 30 96 56 29 73 67 22 36 75 54 7 21 26 99 43 44 96 96 91 82 25 10 72 57 42 79 64 34 15 52 50 32 84 71 42 38 17 100 92 42 
39 11 73 2 74 100 70 41 91 91 25 78 2 30 1 61 42 93 54 14 35 4 25 62 92 22 93 75 2 40 25 6 26 100 44 78 37 80 84 36 28 32 71 6 63 42 79 29 77 86 79 18 56 94 28 2 51 78 15 27 8 32 6 78 77 47 49 43 80 22 33 27 32 37 35 74 45 71 77 52 96 97 4 39 17 3 33 18 93 87 46 56 29 52 82 38 76 44 36 23 
83 73 75 57 13 29 11 22 62 53 96 54 61 100 40 52 77 24 69 74 94 51 75 66 46 91 14 6 46 48 11 50 70 70 66 19 27 70 95 15 51 65 74 98 37 24 26 25 77 20 35 33 91 4 73 34 16 40 75 26 88 27 62 34 64 8 19 1 73 6 99 93 75 42 94 69 72 20 45 86 35 85 16 95 74 11 67 83 6 13 3 22 80 54 80 84 69 94 36 6 
71 32 80 29 92 34 79 32 90 87 55 81 47 96 57 65 55 39 37 11 44 54 15 18 23 82 36 78 7 46 39 15 62 39 15 80 46 20 50 18 32 4 40 61 79 48 57 82 49 90 22 85 95 97 17 15 54 86 34 60 5 15 83 97 33 10 48 26 21 57 61 4 54 12 96 57 97 6 16 92 16 22 15 27 69 40 11 41 39 54 13 55 73 5 89 78 28 91 19 44 
7 26 33 59 32 6 5 38 73 23 38 40 39 5 83 26 21 80 76 14 49 92 10 39 32 35 4 72 6 91 9 53 24 64 28 72 29 11 47 47 66 34 94 35 10 20 3 18 32 99 9 99 88 96 1 98 63 12 64 3 45 86 26 93 23 46 3 77 84 35 70 78 11 72 98 33 55 87 65 33 89 32 32 3 79 47 30 44 90 31 76 16 18 67 35 92 79 97 74 9 
14 98 66 86 29 83 69 15 96 7 22 29 2 58 30 53 5 48 99 53 94 62 12 73 29 86 66 8 57 53 39 42 64 68 96 54 73 32 22 82 15 13 99 8 86 50 11 85 3 28 49 13 16 64 13 86 55 85 76 57 88 14 88 44 1 4 41 9 34 37 94 3 73 83 97 22 75 88 70 35 37 95 28 97 28 34 75 36 33 55 100 97 83 10 35 97 94 15 37 42 
17 75 49 74 76 19 26 38 35 44 72 83 86 91 92 77 21 78 72 25 63 92 85 62 5 87 45 33 57 29 64 71 3 35 71 95 47 39 66 78 70 80 9 39 95 38 60 95 26 28 4 44 41 83 79 27 9 11 82 38 91 56 79 92 50 77 58 13 11 17 99 63 43 66 45 7 83 37 31 29 82 61 58 75 26 52 66 28 10 73 17 46 87 90 63 85 34 21 74 10 
86 75 51 50 33 89 31 35 4 94 71 78 1 78 1 99 62 57 45 19 69 18 26 4 69 51 83 7 92 60 93 43 91 13 31 68 21 97 25 84 31 52 86 89 84 29 15 3 20 31 3 29 24 95 9 24 92 55 73 48 99 89 92 66 87 75 75 21 30 97 65 69 23 92 21 51 55 72 35 59 94 44 5 86 96 56 23 99 20 30 60 93 44 69 92 52 82 44 58 78 
52 53 65 55 61 55 91 15 30 14 44 51 44 74 74 72 53 27 93 52 58 5 33 15 34 63 5 80 43 55 31 80 68 72 76 99 99 91 88 20 82 93 13 33 83 42 66 67 21 5 51 74 8 100 22 22 47 3 8 22 4 12 100 84 70 87 34 46 64 17 92 1 83 45 98 92 55 93 36 72 63 28 89 2 26 58 63 6 70 51 1 13 27 21 17 100 69 38 76 48 
58 36 77 97 87 54 44 17 28 40 44 4 98 37 5 30 85 20 17 29 6 36 97 34 21 64 51 38 66 42 13 39 15 42 38 36 35 97 58 21 38 79 49 30 27 3 69 90 71 71 85 100 1 60 85 92 8 35 2 1 80 74 61 23 1 83 34 52 55 100 13 68 38 98 100 25 63 44 82 53 71 43 6 30 85 93 5 17 30 41 68 33 100 5 66 64 28 39 32 66 
64 92 13 21 26 69 59 71 46 57 31 40 55 76 83 40 74 65 24 20 92 19 36 34 87 96 52 94 13 78 34 71 83 80 8 88 86 84 96 41 41 15 59 20 48 8 38 47 80 1 80 45 20 2 79 19 77 24 16 76 94 58 48 3 84 28 60 17 54 58 28 61 55 30 52 96 55 52 92 57 73 40 65 18 1 28 10 11 15 81 42 33 98 92 6 15 80 55 68 68 
42 28 45 77 14 12 76 97 89 51 8 96 64 69 86 67 64 40 38 43 35 9 6 57 84 13 99 14 82 69 88 30 100 60 16 51 26 89 41 9 45 26 3 64 55 77 28 74 8 39 5 82 4 6 2 90 77 39 26 10 26 30 54 96 79 68 78 91 27 86 32 75 91 92 49 2 79 5 98 64 79 5 98 60 29 27 21 43 82 15 54 42 62 73 87 79 82 70 2 65 
9 25 30 24 95 76 75 38 58 6 71 51 65 19 17 54 13 90 63 27 46 74 43 89 6 69 28 62 95 100 89 22 42 50 60 49 64 17 99 60 77 25 6 87 41 66 55 83 48 70 5 41 28 49 40 76 100 57 11 89 66 99 34 20 26 79 22 31 38 45 51 31 32 97 19 5 69 95 59 94 5 14 84 10 26 35 58 82 81 37 17 100 79 96 74 75 15 24 34 30 
53 16 84 46 22 88 96 19 55 18 19 3 36 27 70 48 6 87 22 19 66 72 88 61 79 92 45 48 42 7 76 62 20 39 43 50 57 56 73 82 39 83 72 66 53 97 87 37 20 96 85 84 8 29 82 6 94 9 82 81 9 36 62 54 41 57 41 26 35 99 76 81 19 40 40 97 84 7 98 37 81 63 10 33 73 100 54 45 47 92 95 100 70 12 43 31 49 63 66 13 
8 38 19 19 32 44 2 95 95 75 1 51 31 32 71 85 40 32 37 41 21 92 38 70 19 33 25 81 85 23 56 12 14 32 52 2 52 58 12 25 70 10 29 9 37 100 26 22 92 93 36 50 84 86 87 59 39 72 35 74 47 6 19 27 63 32 38 88 15 96 84 48 58 83 40 4 60 19 86 21 95 97 78 19 70 44 94 50 55 75 32 63 17 49 22 64 70 78 99 11 
39 48 39 50 55 30 57 14 76 50 48 45 7 21 92 74 50 83 62 41 84 49 77 31 10 19 68 57 4 84 88 30 54 63 30 70 97 61 21 26 79 31 60 75 17 87 86 40 98 1 98 30 72 57 47 69 84 8 79 65 99 75 79 24 12 83 7 19 46 60 84 88 77 50 77 59 43 42 97 85 93 49 50 87 30 38 93 81 36 45 76 1 96 28 27 15 66 23 58 69 
76 95 52 94 44 72 54 61 50 21 4 81 17 18 53 88 48 55 18 47 45 95 46 57 35 13 62 9 67 79 99 61 88 24 64 62 33 76 75 10 65 74 96 2 76 85 72 17 5 10 97 10 96 19 73 35 63 48 7 92 49 57 34 89 73 80 18 37 9 98 40 79 43 38 52 9 86 54 66 8 23 90 100 65 68 93 90 18 28 56 50 3 50 25 68 36 62 69 34 75 
43 47 98 48 18 65 25 19 10 57 34 52 66 61 91 46 89 30 88 25 1 72 57 63 78 20 61 7 4 93 15 99 21 33 22 45 24 33 95 40 57 61 93 58 99 28 99 94 22 40 60 23 7 8 87 79 79 78 68 63 98 73 53 17 2 76 30 48 13 67 86 46 6 76 2 18 16 15 52 20 81 12 8 58 73 84 46 44 34 70 38 28 2 21 60 44 31 36 94 81 
48 91 17 24 13 82 29 99 15 47 56 81 24 69 33 97 50 24 12 92 39 25 91 92 30 47 41 37 44 87 89 56 37 83 85 83 43 96 15 60 78 72 49 14 57 52 67 54 26 75 81 2 79 47 17 60 87 3 66 86 49 87 58 58 29 42 61 2 17 6 8 49 36 85 75 38 93 30 40 9 43 68 10 18 95 65 94 51 30 14 93 54 6 96 81 84 54 36 40 74 
91 98 86 87 42 61 66 83 72 78 5 5 18 4 1 75 37 69 47 73 3 26 53 51 46 85 78 95 84 53 33 63 11 58 64 62 43 64 65 84 51 6 18 100 99 27 75 57 73 37 59 82 77 8 25 48 14 15 81 84 4 53 32 85 79 14 4 15 55 11 60 62 98 51 30 38 78 25 65 65 61 32 27 81 83 5 20 82 39 87 43 57 54 45 7 5 1 62 56 9 
58 64 77 44 23 67 40 9 57 43 72 4 33 66 15 38 12 55 16 57 46 69 22 37 53 83 16 96 1 44 87 26 65 55 96 9 11 10 47 13 66 52 72 52 89 3 67 54 27 88 48 68 55 7 81 6 1 63 54 95 90 68 57 23 7 52 33 39 27 11 74 62 44 56 30 43 23 26 27 91 26 83 56 29 69 97 23 66 19 49 16 41 75 37 96 32 11 45 81 94 
88 79 10 46 99 65 5 5 58 13 51 100 56 65 76 76 43 9 58 88 73 44 54 51 15 92 95 3 66 73 84 7 24 96 35 38 29 58 66 10 64 45 37 92 90 51 28 12 95 74 36 1 72 84 81 28 93 4 17 52 2 92 76 97 83 47 54 3 24 82 51 59 52 62 43 73 42 88 59 16 41 70 91 16 2 92 48 26 92 33 51 62 51 92 35 12 30 69 75 54 
37 92 99 83 92 64 48 18 1 95 1 91 83 34 100 24 98 38 41 34 34 90 79 92 35 1 9 69 38 73 51 95 8 3 91 53 54 18 54 24 54 10 50 34 16 64 11 66 51 8 49 12 91 71 28 34 54 59 71 52 21 1 55 19 44 4 21 44 44 8 45 82 27 29 61 21 88 58 59 70 51 54 75 39 65 72 46 54 6 58 76 45 61 86 34 58 62 41 96 98 
55 84 50 28 65 28 42 14 43 88 10 85 22 16 53 92 32 66 75 3 39 2 18 31 18 2 5 22 98 56 18 89 6 63 43 55 61 71 82 23 3 99 14 62 35 53 4 64 50 7 33 73 76 25 98 14 41 49 10 70 39 71 41 42 13 11 61 73 39 76 7 66 54 67 33 68 78 99 94 61 62 34 37 54 45 57 72 40 9 29 17 27 99 81 23 50 92 53 58 90 
90 52 49 86 42 47 35 93 49 96 52 99 79 40 71 41 92 24 93 37 33 58 84 77 62 71 68 62 89 73 97 70 85 34 12 21 51 39 35 79 63 92 40 3 74 26 49 92 33 96 59 25 28 86 37 79 31 81 60 33 3 39 79 14 37 65 14 81 25 82 57 71 31 51 44 90 48 10 49 73 39 55 6 40 17 25 75 18 82 87 20 52 62 42 73 98 35 42 1 83 
53 8 13 6 34 39 72 94 95 2 61 82 24 88 50 100 95 54 20 9 5 24 70 67 2 3 78 13 14 38 32 40 89 61 54 46 79 27 69 85 23 65 48 29 56 74 83 31 49 75 99 22 20 72 38 12 91 64 79 68 74 7 78 70 36 95 9 70 4 77 96 25 68 92 51 74 83 93 58 82 43 100 1 88 77 14 8 63 22 79 14 39 31 99 51 90 5 33 67 19 
50 34 89 54 23 15 98 81 68 38 41 1 43 33 45 80 22 100 26 86 81 82 31 53 49 15 35 10 93 45 25 11 98 69 92 98 78 14 2 49 25 45 64 10 30 60 92 98 67 76 72 4 80 57 6 55 40 89 4 67 2 72 44 34 21 46 86 60 53 28 52 38 13 70 29 68 36 5 10 19 77 85 4 41 92 69 88 80 61 94 43 39 45 98 69 81 88 32 83 37 
81 56 33 76 78 96 89 41 16 38 32 39 42 80 53 23 6 9 48 95 47 55 18 67 65 50 93 98 56 83 73 23 51 68 61 20 52 83 80 15 2 96 44 31 27 40 3 47 76 75 88 11 1 16 25 52 25 36 96 68 26 60 9 27 37 38 59 48 79 14 12 58 98 54 35 35 12 18 74 53 6 4 56 100 14 79 40 8 64 10 77 86 22 64 47 24 2 81 28 79 
70 53 60 28 34 8 49 76 17 50 47 45 12 46 7 60 77 78 77 18 69 8 48 43 99 76 63 87 100 8 32 78 84 60 7 46 85 52 43 54 12 93 87 100 26 41 65 95 83 29 88 33 33 68 25 41 76 47 78 94 28 59 51 72 37 85 88 1 29 39 42 12 55 28 96 76 53 49 90 11 15 82 51 80 69 27 15 88 41 15 83 80 57 55 13 29 38 25 72 80 
18 72 54 53 60 28 11 41 72 27 100 86 85 5 95 72 22 4 78 21 36 57 95 35 32 6 1 66 86 65 23 79 18 98 20 44 50 91 41 38 48 76 39 73 11 56 5 64 97 48 31 36 89 78 39 86 76 47 48 29 41 41 67 48 78 14 23 81 47 49 60 40 99 56 90 3 75 3 80 47 53 98 52 48 46 58 58 7 66 47 93 52 99 64 89 78 54 82 29 18 
74 19 61 11 6 26 80 47 39 47 17 93 17 63 18 37 32 44 5 20 95 27 27 15 12 56 43 77 70 31 75 32 15 81 32 72 58 48 97 37 33 28 59 66 89 64 41 58 62 36 2 84 94 29 27 37 97 84 96 42 95 96 10 70 78 77 46 11 9 17 3 40 1 69 71 16 94 98 19 68 6 25 13 79 93 26 13 67 70 22 10 62 84 68 47 41 77 47 70 74 
87 83 95 40 66 3 13 61 73 25 48 89 47 99 6 29 21 28 87 53 94 88 90 3 67 27 80 30 7 52 32 45 27 28 79 44 86 8 31 20 79 68 81 27 2 36 53 42 44 59 72 5 77 58 18 21 81 86 37 27 96 90 20 32 57 81 29 64 75 62 26 69 27 15 99 99 25 61 82 19 51 9 34 35 24 92 49 69 2 71 48 85 24 66 69 67 60 100 95 81 
7 24 71 36 38 91 75 48 39 44 14 56 4 15 48 9 74 38 65 31 24 22 43 56 8 57 15 94 63 22 3 77 2 63 33 22 92 65 53 15 56 11 51 48 96 58 5 2 90 33 26 25 84 80 64 82 15 53 93 25 34 76 67 50 96 78 36 93 91 63 32 4 63 74 47 95 46 56 95 38 70 5 97 95 43 56 6 71 18 40 11 73 4 23 7 70 19 48 71 52 
22 49 60 88 96 18 12 17 46 61 67 25 49 33 91 25 83 45 71 40 40 11 48 8 16 21 2 71 45 44 35 37 13 30 8 53 54 79 75 31 28 39 89 94 4 12 51 21 14 77 10 6 72 67 53 85 61 18 62 94 86 62 68 37 57 100 38 42 33 88 58 22 24 46 46 28 26 4 42 58 3 9 38 70 21 94 49 50 5 45 30 19 26 46 54 18 89 52 76 38 
30 67 49 31 25 35 75 3 47 20 100 9 77 77 20 58 81 54 20 14 56 36 16 97 57 17 38 56 97 83 29 1 55 63 77 68 19 81 89 70 92 59 32 99 65 26 32 23 64 50 33 90 97 80 57 63 90 63 82 54 25 85 62 40 98 86 61 12 83 21 87 66 25 43 9 6 28 12 53 44 90 67 88 87 43 68 76 2 66 95 38 94 38 91 26 25 3 34 19 72 
69 78 11 50 67 40 12 62 28 72 73 24 89 28 6 7 26 90 51 10 63 100 42 71 20 7 46 1 84 14 41 15 16 8 60 70 41 96 31 11 3 84 13 38 43 89 82 66 96 26 15 82 64 71 56 65 5 97 11 35 62 52 59 8 7 2 59 70 87 23 8 30 15 98 76 5 97 94 75 2 32 55 29 72 73 18 80 94 58 71 45 42 49 100 53 96 64 28 81 3 
86 60 82 53 59 74 79 24 7 41 51 31 20 44 22 22 89 81 54 11 27 5 62 32 16 87 38 94 23 30 58 6 83 40 78 47 9 54 55 98 5 51 80 15 32 27 65 32 22 60 63 23 32 83 60 31 17 40 40 28 26 4 52 52 11 50 26 38 88 14 94 45 17 61 66 91 70 23 90 41 99 88 22 11 70 31 19 89 57 50 68 8 43 25 49 75 94 93 36 5 
89 10 93 82 43 81 27 17 37 24 69 3 8 39 59 42 42 59 74 49 58 96 72 35 53 66 69 78 53 47 76 36 94 74 28 98 42 5 96 93 73 27 58 66 64 38 71 18 2 2 15 86 84 12 73 75 18 98 8 54 51 31 36 21 17 85 40 68 84 60 91 66 60 97 22 19 75 34 50 7 43 78 91 83 51 86 68 2 86 75 84 78 9 95 31 99 100 27 70 70 
5 68 64 4 74 44 99 40 2 23 88 86 35 80 30 62 39 4 7 31 76 49 95 42 47 34 80 22 87 86 29 48 14 36 44 81 3 35 89 98 95 60 49 65 49 4 19 98 41 61 14 13 72 73 73 58 51 33 13 29 74 54 11 83 35 66 48 21 66 78 18 36 88 39 67 11 60 41 60 96 60 47 29 76 12 37 60 80 71 69 80 70 44 20 84 93 28 61 43 44 
50 42 10 39 62 19 84 19 64 88 35 76 80 21 79 90 81 62 52 4 41 74 48 5 29 53 49 78 35 34 32 91 61 36 34 52 49 55 60 58 42 87 80 22 62 58 27 53 84 34 42 95 12 19 92 15 95 36 6 92 79 24 100 71 92 94 79 70 5 25 27 63 89 60 75 79 22 75 3 3 89 48 8 94 60 73 86 12 43 74 80 92 17 53 26 51 6 41 30 54 
19 43 48 20 4 17 41 44 4 19 3 64 62 93 17 69 90 81 75 86 86 39 49 28 11 82 44 24 38 87 39 69 40 52 64 93 65 27 74 14 11 49 63 96 88 95 6 4 79 55 58 48 64 39 61 66 58 80 11 11 2 54 88 28 41 53 21 66 53 42 53 76 3 54 79 94 45 46 8 36 73 3 53 50 36 44 91 94 19 80 47 94 37 38 94 73 23 35 82 8 
20 100 96 66 21 44 86 26 52 32 28 82 28 64 67 100 89 47 77 84 43 4 14 99 56 43 50 88 68 52 39 48 6 63 81 36 70 5 39 68 9 1 74 93 18 66 26 71 53 8 13 31 14 10 66 32 76 85 89 31 31 36 3 22 66 43 39 33 40 37 53 8 49 81 16 91 13 51 11 38 66 3 60 24 21 59 19 70 18 15 29 60 39 27 10 52 45 65 64 33 
39 37 4 93 47 98 34 97 17 42 96 27 58 40 80 40 74 52 9 34 48 64 38 15 64 60 18 72 67 16 10 65 74 87 75 47 46 95 48 56 58 86 36 41 60 95 83 29 89 4 13 85 75 38 66 51 57 57 21 95 88 61 67 16 21 39 22 21 88 28 92 44 67 88 47 17 14 70 23 100 72 32 51 2 21 25 38 16 78 93 42 54 13 35 95 70 32 36 13 78 
31 77 45 7 24 9 23 68 76 13 22 23 60 11 36 20 2 4 6 1 67 11 60 81 16 80 49 25 57 62 22 70 93 71 16 92 8 40 90 68 65 79 22 23 61 17 45 21 20 97 63 30 74 99 27 62 57 84 91 6 41 4 55 46 49 3 30 91 30 18 41 98 92 81 75 10 98 31 34 32 61 46 68 94 36 68 37 88 4 81 72 70 83 31 80 70 56 91 97 92 
17 63 46 50 12 4 75 91 6 65 90 53 88 91 78 21 24 79 49 56 100 77 19 96 77 55 67 55 48 14 1 98 90 49 33 36 97 56 94 53 48 14 58 65 8 15 62 47 63 62 17 60 15 14 26 11 49 12 92 83 36 14 37 97 76 77 12 49 78 83 67 72 63 75 11 95 58 29 75 57 16 40 3 21 73 54 21 49 85 83 1 34 34 49 79 22 62 40 9 18 
63 32 20 73 58 73 54 86 98 69 90 51 35 97 28 57 83 99 5 83 5 26 52 45 9 87 70 2 45 8 19 60 16 27 38 75 97 23 38 95 43 55 4 65 78 88 66 51 28 12 79 32 22 28 31 71 30 42 55 95 20 51 54 92 58 8 29 36 74 95 96 16 93 51 17 10 40 58 80 67 93 77 40 92 11 43 89 83 25 24 19 98 35 31 94 68 24 88 26 92 
6 33 24 38 41 3 69 7 18 55 73 81 85 20 58 16 32 84 93 8 74 6 88 71 6 40 33 47 57 98 16 18 10 86 20 75 38 85 50 48 86 35 20 37 76 45 8 51 92 60 88 14 1 66 10 63 34 29 62 67 34 60 4 61 42 39 65 11 64 35 31 13 44 19 72 52 55 50 57 27 69 87 80 45 3 25 1 44 8 71 56 93 87 95 59 63 55 44 98 67 
46 35 48 59 89 60 35 20 45 86 44 23 6 58 20 11 23 56 16 52 89 100 64 7 5 4 15 57 91 76 41 14 31 58 36 74 18 100 88 11 72 59 68 81 45 12 83 48 74 80 4 40 10 71 7 67 59 24 97 48 100 27 76 80 49 54 65 2 28 94 71 98 48 45 35 98 13 2 62 79 84 28 80 42 67 16 44 85 2 58 53 74 91 37 84 39 48 33 75 98 
54 25 24 48 25 56 35 43 100 52 30 56 24 70 22 59 57 95 98 94 78 5 85 59 55 63 1 3 63 26 39 75 27 12 71 84 97 43 50 46 33 80 66 29 68 54 73 30 44 8 1 39 54 5 11 56 65 56 54 84 95 42 62 42 57 31 75 83 92 81 28 69 80 39 22 18 88 13 71 4 88 89 73 33 24 72 21 93 13 8 76 73 27 27 89 38 93 98 36 50 
52 1 94 46 9 35 56 19 43 68 15 15 48 63 66 14 33 12 19 73 78 53 58 67 25 65 63 18 14 32 77 67 59 51 94 9 71 40 62 29 21 44 100 54 69 62 43 74 14 85 12 23 56 14 44 68 47 71 94 21 47 92 37 8 93 82 49 4 8 42 13 23 32 91 86 86 60 1 79 6 25 37 31 76 61 51 44 95 39 75 83 43 11 1 70 24 42 59 34 92 
31 24 94 77 43 47 56 16 23 13 23 84 69 57 26 9 82 75 60 23 19 1 64 56 89 53 86 78 62 8 76 65 53 22 74 52 37 7 9 22 35 30 88 85 45 25 65 1 78 81 12 59 97 71 96 90 50 43 14 42 61 41 52 2 35 33 81 47 13 1 63 38 26 89 78 87 85 84 20 61 29 37 56 92 42 89 63 37 7 21 100 28 36 61 33 39 77 54 87 29 
66 47 88 18 57 18 46 93 61 80 63 46 65 85 78 30 56 92 11 37 77 51 77 83 47 95 68 80 71 23 30 92 22 27 13 5 30 98 45 87 84 19 1 2 22 96 81 2 55 74 70 78 55 52 5 65 12 96 57 49 72 43 88 40 21 61 92 47 82 74 60 89 65 89 16 40 30 33 18 48 75 48 17 64 8 5 34 64 25 66 84 69 39 59 11 8 5 53 77 91 
75 88 98 95 54 46 40 29 86 32 56 23 8 96 64 79 10 70 64 6 61 87 61 88 82 27 14 83 7 50 91 6 26 27 92 80 87 89 16 28 31 31 68 65 26 71 74 13 34 20 52 78 16 77 81 99 54 95 3 66 34 10 88 99 70 64 50 28 88 27 32 84 84 60 84 81 51 49 47 52 97 15 64 43 50 24 11 84 81 16 74 2 89 42 61 45 74 65 70 8 
97 23 23 72 95 49 63 91 76 19 74 24 47 85 1 96 8 20 99 14 98 59 35 76 74 74 92 46 84 1 89 68 55 26 37 13 97 34 47 61 8 77 43 34 72 28 20 7 96 41 90 15 78 76 74 30 20 89 22 93 95 41 60 26 64 69 95 38 1 70 26 51 35 46 49 6 3 44 82 27 100 19 48 71 96 100 38 75 71 80 1 3 77 67 80 47 36 30 64 98 
63 23 60 42 98 90 66 50 50 9 5 46 19 61 94 11 36 35 76 56 85 7 6 61 1 85 79 71 86 78 58 84 31 9 71 95 67 24 66 67 71 64 45 36 8 54 24 29 39 70 8 43 9 52 52 90 90 46 23 48 26 20 10 90 19 98 73 49 93 81 43 88 55 47 62 61 65 25 35 21 69 91 36 85 32 44 94 75 74 72 37 95 54 44 28 84 20 1 35 98 
41 42 69 49 27 19 66 38 9 97 53 74 11 4 48 74 8 84 25 47 18 65 26 92 66 40 32 32 13 37 91 1 82 80 6 83 11 33 34 78 96 45 8 47 53 85 80 72 45 26 77 63 11 97 15 48 71 34 38 4 78 63 81 17 46 30 48 5 88 96 45 89 63 18 71 80 55 56 11 10 66 52 74 59 90 95 21 21 33 81 29 35 21 86 38 53 32 20 22 75 
1 91 17 33 38 10 45 48 77 13 37 81 91 19 82 51 80 75 8 47 78 89 41 3 71 91 48 96 96 45 49 71 89 20 28 99 53 76 68 20 48 27 75 80 22 88 31 61 17 18 56 41 70 79 32 84 93 71 6 99 7 85 35 68 8 47 51 60 72 55 3 7 13 48 87 75 33 61 23 64 17 57 53 65 10 35 79 58 63 98 8 87 54 83 77 28 83 84 91 79 
97 85 85 38 11 79 24 44 43 94 19 78 15 39 93 20 66 18 86 80 42 3 95 93 93 89 90 26 85 99 11 1 96 38 56 31 17 58 40 58 77 88 15 29 56 48 85 24 41 79 100 61 3 97 94 7 56 60 16 22 25 10 100 49 27 81 91 81 19 48 71 41 89 65 36 7 70 10 87 90 52 26 49 85 4 71 20 33 65 12 38 82 28 17 90 80 33 52 63 28 
39 53 57 29 71 53 66 23 84 90 60 33 54 78 15 41 19 71 73 21 7 33 85 71 65 61 67 99 79 58 54 70 40 2 86 81 20 74 87 10 25 70 57 59 44 16 89 55 54 9 22 68 12 100 46 68 19 85 27 45 72 71 33 29 59 64 81 32 97 37 34 68 17 44 53 67 40 81 31 39 10 27 80 44 66 41 15 87 21 6 74 95 12 22 49 20 69 41 94 13 
21 7 94 99 81 56 69 18 4 46 32 27 45 3 17 61 57 20 85 60 52 75 54 89 42 39 25 57 3 20 65 66 66 46 37 14 26 52 55 88 19 88 18 67 22 11 74 87 89 45 14 2 9 68 52 77 6 97 36 63 33 94 12 38 53 93 3 89 42 26 47 19 64 87 9 62 3 95 97 91 2 15 1 60 76 5 70 53 62 62 57 65 92 21 31 26 17 60 33 10 
2 83 84 6 95 47 95 53 67 13 55 55 48 44 59 66 23 97 71 1 31 20 56 30 11 29 51 33 44 99 56 17 42 16 57 10 57 57 89 78 80 78 3 33 44 86 58 68 94 52 6 11 49 24 44 46 77 73 63 96 32 62 74 31 30 45 39 61 65 64 70 18 60 95 21 87 46 3 92 85 40 52 87 42 54 81 35 50 13 13 5 18 35 17 93 7 62 78 46 25 
9 62 34 17 13 37 56 40 61 42 76 47 78 30 56 72 8 44 43 27 54 88 53 89 85 83 81 20 56 38 18 83 7 21 98 59 25 66 75 78 95 71 84 89 46 48 57 77 97 45 16 33 62 82 5 33 5 98 74 4 30 39 22 86 75 43 69 36 57 72 62 61 76 33 96 9 57 47 2 59 72 25 100 40 36 54 81 54 16 20 39 20 98 26 54 72 24 54 12 77 
19 75 34 56 82 7 32 23 42 3 9 99 90 74 27 7 48 55 10 89 84 42 43 96 8 24 29 73 20 87 100 23 50 77 71 2 7 42 22 49 67 63 29 3 95 4 22 56 49 96 60 88 80 34 5 52 60 45 79 57 27 37 91 95 23 97 65 55 75 94 98 23 25 88 62 20 54 82 81 1 25 72 75 63 26 1 48 4 1 78 9 25 57 55 63 48 37 42 13 33 
36 5 13 20 62 50 81 53 66 97 65 91 96 41 22 68 75 78 75 57 38 27 12 4 72 26 47 60 24 16 37 13 86 20 8 100 42 81 60 100 71 26 19 88 55 4 4 83 12 31 15 7 2 82 89 95 97 25 18 96 78 7 37 96 42 38 7 71 48 14 50 34 43 65 79 22 16 33 18 17 25 20 58 25 91 3 74 62 19 64 68 17 34 72 37 43 1 65 34 47 
99 29 71 9 59 76 98 75 12 81 53 86 31 76 17 1 10 17 86 7 90 93 18 74 5 5 97 21 73 12 27 89 3 48 20 53 30 76 65 67 27 57 85 46 26 98 68 10 73 30 43 69 67 55 100 84 75 50 85 4 29 18 49 24 50 3 99 5 100 72 12 9 3 70 17 76 88 24 37 83 72 78 39 58 13 74 70 45 95 7 24 88 2 49 24 88 30 42 76 85 
100 47 16 94 37 41 94 60 39 18 96 72 74 65 41 100 65 52 17 94 62 61 100 7 74 58 89 24 11 6 4 15 86 39 64 22 86 4 46 17 91 1 4 56 23 16 85 100 52 13 56 48 70 56 32 61 90 58 56 86 77 95 2 40 97 66 76 18 53 37 7 10 32 80 17 74 15 19 68 77 91 8 44 36 8 57 81 89 33 90 39 25 65 39 20 54 59 36 57 26 
60 61 95 42 96 47 64 74 2 7 4 20 76 1 39 65 63 5 66 47 30 30 50 24 54 67 34 19 60 24 75 35 91 88 34 13 83 72 38 99 56 86 72 62 24 59 82 6 94 53 72 20 23 30 79 64 86 31 78 85 45 15 30 41 66 69 73 11 94 67 67 26 11 55 19 51 39 92 12 20 25 6 11 83 64 95 37 12 83 2 73 17 97 83 2 36 70 77 20 70 
78 10 88 88 28 41 41 68 75 58 58 13 99 62 45 73 30 76 65 8 50 100 56 18 10 87 82 76 8 75 58 66 10 72 14 98 48 82 85 92 41 72 49 65 94 58 83 29 40 91 86 24 2 82 55 2 80 9 76 27 7 80 93 94 31 88 93 64 33 99 53 44 53 47 75 73 68 12 91 66 39 33 54 37 27 56 94 76 94 60 43 62 78 4 46 20 75 32 11 65 
21 84 31 77 69 71 52 81 61 82 6 63 86 80 47 34 41 98 23 24 84 20 66 72 90 71 37 79 70 30 90 99 45 78 26 100 35 36 50 95 8 68 86 14 12 15 18 62 62 8 98 72 30 98 38 98 93 71 56 37 44 39 12 53 92 25 57 56 35 60 56 57 90 59 64 90 87 74 77 67 11 51 24 42 98 68 55 43 32 48 57 79 30 52 31 62 64 17 26 83 
