100 100
90 25 51 29 74 56 50 5 63 2 2 63 72 69 32 39 76 74 4 46 24 41 31 4 80 46 8 91 65 94 82 28 56 32 39 25 71 21 53 28 100 93 10 67 28 6 15 50 40 77 35 75 74 22 6 21 21 4 63 30 60 68 57 77 19 45 87 47 86 31 29 76 13 85 41 93 84 17 76 62 81 24 90 26 25 8 50 89 91 90 92 80 17 45 74 66 23 42 62 32 
84 91 75 100 42 5 54 76 33 52 75 38 8 15 56 61 28 3 1 28 5 42 26 64 84 37 76 31 98 15 21 13 2 1 58 14 92 31 86 23 21 75 60 82 45 41 20 84 39 25 90 9 33 4 49 90 27 37 75 60 27 47 13 16 72 92 68 94 13 14 41 79 6 50 56 73 43 50 27 43 27 99 61 60 87 94 35 92 87 62 97 50 67 79 84 7 36 60 53 30 
94 68 88 19 71 13 78 29 21 45 34 20 82 14 12 8 20 9 46 42 35 40 1 84 35 13 82 6 44 23 87 87 2 94 44 17 56 29 60 82 77 82 67 85 63 16 55 86 52 91 26 26 65 82 59 93 24 81 74 17 12 79 76 92 56 21 94 38 28 37 25 65 83 44 26 44 66 49 97 68 89 44 98 10 58 5 16 61 51 20 76 82 62 78 40 90 86 5 100 59 
16 75 17 7 100 95 87 30 33 100 94 68 24 75 37 75 40 85 85 34 39 84 27 100 40 66 79 19 76 54 10 58 46 29 9 4 25 17 36 94 78 19 81 38 9 93 5 5 87 17 83 95 11 63 80 10 10 74 12 44 69 9 28 14 37 48 38 55 18 23 62 17 58 4 21 90 59 50 70 86 25 94 30 64 36 8 98 56 97 64 34 68 5 3 14 100 70 67 50 46 
67 84 52 81 12 4 14 24 56 36 92 49 88 71 32 30 11 53 77 12 82 35 8 42 98 94 86 28 71 40 1 37 27 4 49 72 8 4 50 31 69 39 3 25 67 48 55 45 38 10 92 31 28 11 26 23 23 58 75 83 94 89 82 28 20 3 10 29 60 88 77 10 31 28 79 58 90 48 83 32 13 77 55 85 10 7 56 100 72 99 74 51 71 99 85 32 94 61 89 83 
38 37 48 17 31 42 47 91 66 6 25 60 100 8 75 6 35 37 90 50 8 98 99 65 26 70 75 70 6 50 72 43 24 50 88 3 8 73 96 63 25 24 91 60 50 13 8 36 92 87 33 33 4 96 87 85 92 58 12 8 25 47 90 20 47 93 25 18 43 50 78 12 68 18 45 34 80 4 66 85 35 26 80 3 43 66 89 14 79 50 95 48 47 17 93 59 35 78 39 4 
26 69 68 88 92 85 15 100 4 70 7 87 91 21 87 89 33 70 28 20 77 27 77 32 94 40 20 95 80 76 61 56 38 75 3 41 27 86 16 39 8 94 55 65 72 81 60 41 2 76 76 16 79 48 24 55 65 23 96 48 88 54 22 76 17 48 11 65 43 93 61 87 25 77 11 76 51 77 63 25 45 14 46 52 81 50 8 72 87 47 92 15 12 18 73 81 42 7 83 13 
63 22 13 99 47 91 77 33 89 3 92 96 99 8 30 24 80 56 53 76 55 55 52 22 40 56 44 71 78 51 89 6 29 9 66 25 52 39 95 78 100 67 21 93 77 86 75 81 19 86 84 78 23 21 82 89 99 23 90 93 91 96 41 55 6 14 26 48 72 66 82 84 77 97 89 81 89 98 12 75 50 71 81 19 55 20 74 49 73 50 14 17 4 72 86 34 38 96 81 15 
47 2 41 2 61 5 86 43 20 38 96 10 49 96 22 49 18 84 6 54 58 38 59 79 82 2 9 33 4 67 91 54 99 69 68 91 79 66 7 46 38 15 67 3 74 88 38 77 12 12 21 15 10 59 12 32 67 4 14 34 4 86 94 22 15 88 92 35 100 47 17 23 5 91 14 75 44 39 25 4 74 6 86 6 57 34 95 53 1 25 39 62 96 29 83 78 54 91 87 86 
72 19 40 52 60 20 51 17 82 74 83 70 13 49 84 36 16 2 70 88 67 12 90 87 98 50 28 19 15 71 1 29 4 59 30 11 29 90 96 95 80 46 9 29 23 22 3 20 56 72 19 70 94 47 96 89 100 71 6 77 77 14 62 44 5 12 53 47 35 75 64 98 11 16 61 47 46 47 71 55 98 89 31 47 20 49 20 93 44 98 12 62 30 35 48 17 3 17 25 54 
62 33 14 99 12 5 23 90 63 15 81 14 57 16 21 13 47 16 89 64 1 57 82 50 65 81 98 52 75 59 97 39 26 67 5 53 61 47 67 51 9 73 36 32 46 4 72 85 28 42 40 88 48 64 47 94 5 64 8 20 63 35 1 49 1 98 58 43 56 9 8 11 44 93 37 36 65 3 6 51 53 44 17 43 75 52 81 67 64 24 4 31 65 68 73 88 35 75 98 28 
56 61 23 68 83 79 47 33 96 30 10 22 73 49 28 94 9 27 74 4 3 93 64 5 85 7 77 81 90 11 16 15 38 69 35 82 58 80 7 36 41 24 10 49 32 100 42 66 37 43 12 13 17 23 24 43 98 95 26 20 54 68 9 32 22 23 49 26 64 15 39 6 99 53 80 32 75 5 82 71 33 49 73 99 78 95 19 20 72 5 43 81 50 87 64 20 57 39 45 41 
67 42 51 45 57 20 24 77 19 68 78 50 17 31 34 55 69 8 84 1 60 93 13 1 30 98 86 72 89 73 34 49 49 92 33 81 26 48 44 62 84 57 22 20 81 40 5 5 44 77 7 66 41 72 51 56 45 10 66 69 56 40 79 94 90 12 49 56 63 39 16 53 32 76 21 73 43 13 48 94 24 49 62 96 62 79 67 14 90 46 18 37 55 44 12 8 60 84 87 95 
6 55 70 64 76 39 89 57 52 35 86 30 28 67 20 79 80 89 64 70 78 89 93 11 80 46 22 39 90 64 72 74 28 22 89 64 73 61 89 67 50 95 100 66 81 85 78 93 66 95 52 11 28 43 27 61 6 6 18 22 95 3 44 8 45 56 59 91 38 44 86 92 75 99 69 6 32 83 49 47 45 81 55 11 25 9 51 54 56 20 97 76 73 70 97 70 53 24 41 96 
2 39 84 52 48 60 77 93 94 31 99 89 17 10 77 18 92 61 98 53 79 48 38 63 35 94 73 43 48 24 22 96 93 14 15 98 92 25 63 49 24 46 2 89 56 100 70 77 4 59 75 14 85 74 52 71 1 89 31 64 64 60 85 26 19 19 28 31 55 36 32 59 21 89 20 86 57 67 100 21 21 45 77 97 91 96 36 47 70 25 44 7 66 88 83 68 62 17 45 8 
68 88 1 56 48 64 96 41 99 99 23 71 3 72 78 65 3 31 3 47 65 2 93 99 4 62 19 87 48 86 13 56 54 16 58 26 26 30 33 25 93 57 3 75 24 71 18 62 56 59 96 94 2 83 51 42 6 14 9 84 19 36 68 30 84 6 9 6 32 58 89 40 75 36 26 21 81 93 17 29 53 32 74 9 100 8 88 60 30 83 65 42 95 47 67 54 51 98 35 67 
75 58 69 99 13 25 69 9 34 57 26 29 67 91 88 73 32 95 71 41 22 29 56 100 99 63 18 77 77 72 36 43 58 61 24 7 57 12 42 4 22 23 44 50 68 31 15 59 87 99 62 100 64 9 83 70 71 98 42 44 57 70 20 28 8 91 46 36 87 89 57 31 85 48 96 62 13 83 25 23 74 44 97 40 65 85 20 60 41 67 64 13 99 41 20 17 28 64 14 15 
12 100 33 24 96 80 56 65 63 8 98 49 64 87 74 47 77 26 49 13 1 55 91 55 26 21 48 89 68 43 25 65 61 31 24 5 81 89 62 47 60 25 73 21 45 84 58 92 34 95 12 6 5 37 50 85 61 82 3 65 10 91 76 84 76 94 8 49 7 85 65 27 20 15 42 71 46 67 12 76 42 56 23 8 90 44 35 57 36 82 33 97 79 89 100 64 54 61 69 75 
5 88 77 79 56 18 34 9 70 63 59 36 72 40 61 5 48 19 97 2 66 77 3 68 95 11 16 92 72 3 60 91 91 17 48 63 46 73 81 30 64 69 63 34 28 69 100 93 28 83 36 89 49 6 33 72 25 92 41 60 81 99 43 99 59 93 2 67 60 13 60 93 4 71 11 9 87 68 16 63 83 54 70 47 73 1 2 5 56 98 35 95 87 14 51 99 67 25 71 55 
95 20 96 79 47 61 72 41 14 26 98 84 35 67 61 6 97 92 60 70 39 62 80 86 44 32 82 6 90 97 3 57 73 3 17 45 27 97 31 53 95 47 9 39 34 28 60 68 18 63 3 69 83 15 83 54 63 93 30 32 48 63 75 57 37 99 70 13 10 69 42 50 18 19 77 70 1 18 67 86 38 70 51 92 20 27 33 32 15 86 77 35 47 1 82 5 85 36 94 60 
81 46 20 15 40 50 29 16 86 36 62 66 78 85 100 11 32 86 24 66 18 32 20 18 61 11 83 51 87 15 62 98 12 11 9 69 52 66 78 9 87 41 89 25 49 32 68 24 43 75 88 13 99 68 57 15 30 25 53 57 36 69 11 88 5 32 39 89 75 8 40 93 7 90 20 80 45 85 16 79 89 11 41 40 82 24 59 2 79 29 80 11 17 30 18 36 46 48 4 9 
6 91 27 18 52 48 36 41 39 8 68 61 54 7 20 32 69 62 93 47 32 38 34 50 97 14 82 54 43 98 12 40 75 79 75 3 29 53 65 39 72 53 24 96 4 38 4 39 45 98 63 7 75 40 73 86 54 5 2 74 46 87 58 6 19 48 54 99 54 5 31 36 53 40 15 11 99 68 20 4 71 6 55 27 80 39 99 10 83 59 56 42 51 97 1 100 29 9 2 69 
31 37 100 83 63 100 75 40 68 3 39 32 86 7 30 20 35 83 66 87 58 52 78 19 94 98 91 54 9 8 38 22 32 93 97 29 25 87 22 70 40 88 80 92 81 24 66 12 4 56 95 41 28 65 7 55 21 30 91 99 92 83 14 40 26 43 45 36 9 81 11 32 26 85 16 57 65 42 12 71 78 94 51 6 93 55 77 37 6 53 59 55 70 75 12 97 98 50 54 89 
2 78 90 19 48 94 80 4 80 72 74 35 66 20 71 72 3 50 93 9 1 32 40 56 93 6 21 67 66 46 52 39 23 16 56 23 46 1 97 63 63 52 13 2 100 27 92 80 84 93 70 84 27 84 79 23 89 37 3 70 97 87 80 60 3 51 90 66 89 19 22 16 61 13 14 37 70 22 43 38 88 44 39 63 20 94 64 36 64 33 74 78 48 14 28 25 49 83 44 60 
97 46 32 39 32 88 16 40 25 57 49 30 38 18 77 8 59 64 43 87 87 27 68 92 69 41 51 61 32 88 81 44 23 34 28 94 62 18 22 34 40 32 26 58 59 96 52 20 82 53 97 13 52 17 71 88 84 96 30 3 43 63 84 3 3 94 65 100 30 4 21 52 33 30 33 33 2 80 80 59 75 81 84 11 57 36 30 75 74 12 81 19 10 82 70 26 77 43 26 45 
74 94 94 92 54 67 74 16 2 10 67 100 38 37 5 84 57 99 11 96 78 84 5 47 86 74 11 61 13 25 13 61 82 15 99 62 89 36 47 1 60 30 19 92 20 98 56 38 24 70 32 49 19 47 84 37 49 33 37 44 3 88 70 19 60 38 7 55 39 47 43 18 90 48 74 85 9 25 78 97 32 13 5 70 4 12 81 57 87 5 51 36 45 54 35 76 89 100 36 18 
63 12 21 21 87 83 63 38 94 99 88 63 11 19 97 55 52 75 47 14 89 22 31 12 95 100 2 61 80 79 9 38 55 5 1 14 91 19 72 19 19 7 51 1 12 39 93 65 41 37 39 27 7 65 65 87 50 22 98 51 66 58 16 72 73 38 91 50 38 13 67 37 84 96 36 31 8 29 100 2 11 44 34 82 88 22 36 53 88 81 42 9 85 33 18 59 31 41 54 40 
55 68 39 19 61 81 14 96 55 55 35 98 11 67 18 42 28 35 77 47 73 73 13 55 29 99 68 17 98 32 57 42 20 64 31 48 34 40 97 74 47 23 23 61 17 100 51 16 70 37 49 85 18 62 60 36 77 4 29 58 27 63 23 42 78 23 70 7 64 65 76 12 46 68 17 71 83 10 27 24 33 87 16 33 43 15 26 64 4 50 2 78 7 78 54 99 52 82 29 99 
83 40 59 59 75 63 12 39 89 16 27 54 16 39 33 20 73 96 99 8 88 39 13 24 93 59 75 18 37 74 74 67 66 72 13 83 51 49 68 20 100 87 100 17 78 15 74 99 80 7 36 90 37 34 3 24 41 44 2 84 25 51 83 2 17 61 75 42 62 79 9 73 44 92 62 30 48 81 30 17 28 84 61 94 28 15 60 50 89 48 18 27 22 36 7 20 7 88 11 18 
91 70 39 81 77 67 28 14 3 93 27 2 68 94 23 19 60 63 77 96 45 6 78 73 8 55 78 43 39 6 70 16 81 99 10 82 44 19 8 18 95 81 7 31 72 64 33 85 83 17 92 22 40 30 15 60 18 66 52 23 57 97 76 63 11 23 74 36 37 85 3 59 88 43 11 36 47 88 86 29 11 90 77 38 63 90 57 6 36 17 74 71 69 82 14 69 58 55 96 47 
30 45 48 31 22 52 52 33 90 46 17 70 58 76 47 95 87 74 62 5 75 53 35 10 72 11 42 43 40 10 39 40 86 29 72 80 51 56 36 50 15 59 21 85 8 39 64 97 74 46 59 88 29 83 74 1 49 71 63 57 71 89 77 85 26 31 40 46 69 90 11 35 49 73 34 13 22 48 21 54 99 78 32 58 15 40 73 80 68 88 63 48 69 93 41 13 88 9 95 88 
85 54 58 7 41 96 27 40 75 77 31 24 57 82 58 47 100 64 23 59 97 80 13 7 53 84 48 70 88 55 68 82 90 91 9 77 49 53 25 88 87 65 51 44 9 33 51 71 9 40 77 14 43 86 76 19 41 68 7 88 69 15 41 22 34 85 54 70 99 79 75 29 55 22 15 70 98 69 58 18 20 38 41 39 82 14 71 78 77 100 42 3 92 98 59 31 1 73 75 19 
6 64 92 90 85 66 8 29 41 7 72 57 32 18 12 2 35 79 11 11 1 87 28 63 43 46 89 89 98 11 67 5 87 39 42 61 99 77 42 64 81 89 45 92 10 41 71 27 80 94 91 6 42 59 14 76 28 42 38 81 88 81 45 12 37 46 56 84 93 66 25 61 77 34 34 18 57 79 44 89 20 71 86 52 17 7 72 72 76 47 32 90 37 61 56 93 9 13 31 94 
88 60 10 71 77 100 97 20 62 49 86 63 75 21 35 76 76 94 15 92 8 91 50 28 8 3 25 66 7 78 93 59 30 92 13 75 27 40 74 3 85 81 64 8 97 54 15 40 97 96 32 54 65 52 29 71 36 37 78 6 87 24 45 93 8 56 35 26 14 86 67 77 84 29 76 35 56 35 56 6 79 8 59 48 100 42 1 31 15 89 83 1 51 56 62 3 86 54 6 42 
66 63 65 45 96 35 55 53 93 63 13 32 26 86 55 35 65 66 35 97 32 17 3 60 99 75 60 1 21 66 10 77 76 92 51 26 14 71 17 30 33 36 53 29 25 78 63 14 42 63 22 21 59 82 10 46 84 44 62 95 26 3 66 95 83 34 16 73 31 42 90 78 14 97 80 88 9 23 3 57 100 1 15 60 36 47 43 93 41 79 84 80 91 19 13 41 94 78 2 12 
55 7 94 100 83 39 50 27 76 10 53 30 88 61 81 19 19 84 96 55 25 60 9 29 10 45 53 16 37 65 24 50 78 53 29 89 94 4 39 2 95 90 34 85 7 23 45 20 25 97 67 21 8 53 77 17 54 71 68 17 48 85 55 6 3 98 18 18 5 66 31 61 3 57 15 74 4 97 13 22 67 16 60 10 58 49 38 42 61 38 6 12 67 8 77 37 98 91 35 33 
12 25 33 74 1 9 32 13 54 81 72 45 99 54 92 46 89 4 13 78 8 99 19 44 89 80 39 29 59 25 33 100 45 26 35 43 72 46 16 98 61 24 42 67 7 34 53 44 82 40 16 19 80 55 67 68 22 42 35 5 67 69 79 52 2 8 55 92 43 85 65 2 69 46 1 4 49 98 84 92 39 18 60 3 6 45 12 48 62 91 22 32 42 45 91 97 89 35 3 9 
78 44 41 20 10 25 38 71 4 91 20 37 11 76 10 13 28 83 44 67 46 75 4 46 91 31 50 90 34 60 35 97 94 63 14 32 58 21 36 7 41 60 62 5 76 29 80 59 97 11 49 99 61 46 25 49 82 21 93 71 65 74 46 10 57 65 14 83 4 80 13 40 80 82 89 62 59 60 100 72 30 93 69 82 73 75 6 44 44 36 12 22 83 28 68 39 41 49 86 17 
59 33 26 100 33 1 74 27 34 95 90 18 57 75 19 18 53 89 2 24 49 18 75 61 3 15 39 16 12 37 100 80 50 16 19 25 65 69 65 54 100 15 37 80 14 59 2 7 100 50 40 89 14 19 77 69 84 48 76 26 51 58 29 25 83 43 2 18 59 5 10 81 96 64 69 97 58 48 63 71 100 66 9 59 47 83 9 68 82 35 82 93 4 100 47 6 41 57 75 94 
33 13 86 92 93 80 21 38 8 2 45 95 36 39 97 17 77 73 45 87 90 12 37 33 57 88 69 49 98 44 91 9 96 91 16 63 49 83 80 5 34 22 42 8 100 47 52 95 80 66 54 68 39 73 33 83 73 91 32 46 81 75 69 56 47 49 71 80 93 96 48 56 30 54 71 47 72 81 85 93 94 49 8 29 48 100 16 70 42 70 34 65 57 82 29 31 31 84 98 66 
4 68 36 20 89 57 87 60 66 36 24 99 54 62 44 98 24 17 50 87 88 70 99 12 76 38 60 34 67 69 48 84 72 9 58 39 21 90 25 24 45 91 63 45 50 71 5 83 24 99 96 45 96 96 76 93 95 84 14 71 33 27 39 75 14 8 1 93 48 6 91 8 13 6 17 14 99 30 55 43 94 7 56 79 67 56 82 81 23 72 69 87 53 45 41 56 86 16 79 88 
73 99 76 92 67 23 6 79 81 14 31 54 63 77 90 76 82 45 80 72 66 13 32 25 6 44 34 11 18 31 69 95 71 4 86 24 75 54 97 56 88 52 9 81 87 29 93 64 2 14 69 26 15 82 89 80 82 1 71 45 82 62 84 15 32 86 26 34 37 96 88 11 86 79 97 60 15 12 75 18 50 83 92 3 62 24 94 1 73 99 22 59 31 37 64 37 71 53 55 11 
17 34 29 86 53 47 33 63 80 97 80 12 14 69 65 43 81 26 62 2 85 24 22 74 99 99 93 12 19 21 85 79 12 16 100 90 60 31 18 9 85 78 72 11 98 92 12 65 59 8 42 40 81 78 84 50 3 91 30 56 72 44 20 39 18 63 3 75 3 97 54 47 25 62 14 58 48 40 24 65 96 62 99 22 70 61 4 35 5 53 30 64 43 66 53 50 5 66 42 18 
18 77 50 22 35 9 46 84 75 31 48 98 67 100 97 86 54 10 78 81 25 58 23 40 95 100 67 98 18 43 93 13 57 10 81 32 15 40 58 53 54 56 90 72 43 59 13 78 48 13 20 28 72 46 21 22 62 46 84 83 88 92 56 40 79 47 78 35 1 17 91 26 91 25 51 75 25 97 21 27 92 4 21 32 36 19 58 61 19 51 40 53 86 63 98 61 43 98 54 60 
99 53 89 68 64 97 8 45 49 19 32 91 7 59 85 17 65 71 85 74 40 8 88 64 42 92 30 69 15 10 38 53 24 72 100 90 19 39 97 68 67 82 73 17 50 4 62 77 7 72 81 78 34 56 65 26 29 8 87 80 27 48 57 68 61 17 26 65 87 90 54 66 80 79 39 8 44 36 37 72 7 19 61 47 28 15 4 8 75 35 89 3 12 37 3 69 71 19 26 36 
33 49 14 60 87 19 99 15 28 11 98 60 5 88 73 13 66 42 62 96 93 46 67 91 54 57 95 52 59 40 12 47 63 23 58 3 55 90 51 55 79 85 44 69 27 66 58 30 80 91 15 6 80 68 13 45 22 2 100 93 39 30 24 42 27 9 63 83 53 8 91 37 20 74 77 56 23 27 89 20 10 9 72 94 88 16 46 52 40 31 81 88 99 21 19 98 78 33 69 25 
64 95 52 98 95 56 53 61 16 90 29 43 89 42 10 96 84 29 38 85 99 74 5 95 100 30 39 65 84 87 55 10 6 89 18 24 63 99 38 3 21 91 33 63 81 47 66 2 87 100 33 5 93 8 92 66 25 96 98 24 98 58 83 61 3 12 30 76 25 80 50 77 10 98 84 54 31 44 81 15 95 36 33 88 80 28 94 96 67 10 61 84 22 41 35 53 97 38 86 97 
69 18 97 52 29 40 52 31 22 88 14 80 16 33 48 21 23 28 61 27 42 71 70 27 68 8 21 39 65 87 86 73 59 55 73 21 41 47 79 31 47 40 54 4 72 43 69 32 72 98 25 93 31 24 84 27 27 74 36 87 71 97 90 77 72 49 71 39 39 82 32 62 26 3 92 60 57 77 40 28 64 86 43 56 31 65 21 97 10 16 2 24 88 63 93 48 70 43 32 38 
85 28 78 1 37 62 35 48 71 43 98 25 51 55 59 58 57 6 80 53 6 43 53 1 38 52 1 11 1 53 52 32 60 93 44 65 55 95 66 48 15 36 55 8 93 76 35 74 86 93 75 77 48 91 18 22 14 98 89 5 1 75 32 72 23 16 97 62 7 1 49 84 77 35 15 20 1 57 25 28 41 87 43 61 75 81 2 55 36 98 5 29 93 92 28 61 80 62 13 34 
72 35 11 85 90 34 92 53 7 57 33 17 82 84 70 38 30 62 16 18 37 65 70 95 26 83 71 17 22 73 16 20 82 46 45 70 49 32 77 81 39 67 92 67 48 82 74 87 74 97 8 8 84 3 19 65 17 5 13 11 50 13 82 33 32 2 13 22 53 90 30 27 100 91 36 84 40 8 49 18 77 44 37 14 29 29 1 4 30 88 70 84 29 18 66 81 30 10 52 56 
96 96 46 29 78 1 82 38 74 68 99 91 37 64 6 45 40 27 14 36 96 46 28 6 55 28 20 28 19 50 43 49 100 81 90 6 78 56 77 24 62 36 36 60 92 11 30 40 22 48 81 52 43 81 74 61 13 61 63 34 76 11 100 62 35 81 9 28 92 93 100 33 44 84 22 82 81 16 71 34 62 44 64 55 79 100 98 8 84 14 32 38 4 74 19 84 86 98 3 11 
1 15 82 21 41 75 91 36 48 8 66 21 51 88 71 19 100 83 48 71 78 19 91 43 11 39 81 44 31 80 61 49 81 1 70 8 94 73 37 49 40 56 38 13 25 86 63 18 53 86 65 80 70 59 52 30 21 86 53 61 59 29 43 22 10 90 28 39 81 4 30 20 54 90 46 28 65 10 47 8 68 81 74 65 42 93 89 39 18 86 54 60 77 42 48 86 45 55 65 16 
29 48 34 81 87 93 92 16 51 90 25 23 49 96 27 9 27 39 1 66 54 56 45 13 58 83 78 96 8 70 42 48 25 15 58 25 14 58 26 19 79 18 72 54 70 6 77 46 76 3 84 59 62 81 62 29 22 27 76 77 26 80 65 70 38 19 24 46 30 21 74 94 56 100 18 39 7 28 65 90 87 1 31 22 31 20 89 23 38 13 33 88 9 72 37 27 26 90 45 36 
52 56 82 84 4 15 52 55 28 60 45 6 14 83 94 89 55 27 83 26 36 35 15 34 74 98 37 78 38 77 22 13 87 44 1 12 88 17 63 37 52 75 48 37 15 20 68 79 5 78 25 88 70 88 52 6 29 14 55 42 57 40 19 74 63 23 20 80 94 96 5 54 20 96 51 12 19 89 75 48 13 30 69 92 32 75 79 91 73 90 65 27 83 35 33 49 23 66 20 41 
67 78 100 79 56 57 47 83 83 43 86 46 99 87 52 23 58 33 61 66 79 72 73 12 59 77 71 84 49 73 63 73 17 1 35 76 78 77 35 74 9 68 45 82 10 45 90 6 17 16 82 71 11 83 62 49 40 67 27 59 63 44 31 84 1 41 84 33 99 24 51 35 70 23 30 94 76 21 80 4 40 4 39 21 18 20 58 34 93 68 85 7 90 34 58 15 60 70 51 83 
54 46 20 52 77 41 13 20 50 31 89 48 84 28 44 23 87 33 40 24 74 55 34 53 12 25 37 97 35 12 50 12 11 34 16 39 67 61 9 49 22 42 75 67 36 92 40 74 65 2 53 42 91 29 29 91 81 70 45 20 82 44 88 38 94 98 85 79 75 27 16 24 59 25 54 62 27 90 95 44 92 52 46 66 37 21 89 92 15 34 63 84 92 47 35 31 95 97 63 86 
99 1 23 32 56 88 13 72 80 10 84 87 43 66 44 70 18 96 58 44 47 78 2 77 99 26 4 59 30 12 76 91 66 52 92 79 36 45 2 67 51 78 87 50 9 26 78 59 17 82 91 53 37 11 98 27 33 6 96 30 18 52 54 33 52 50 91 9 18 66 90 74 55 39 64 59 50 4 46 90 37 69 35 79 56 70 88 33 54 99 99 35 63 56 41 38 16 59 100 84 
15 95 91 73 91 8 10 3 3 96 78 78 1 5 55 18 68 1 95 61 43 38 16 50 37 100 75 86 44 94 59 67 100 38 53 96 93 72 89 64 39 39 4 7 60 5 97 82 71 43 74 88 13 67 74 9 54 94 16 91 66 15 74 59 38 44 48 59 31 34 54 86 89 14 77 1 75 87 64 96 96 50 80 2 39 46 77 92 1 81 78 39 23 75 87 78 75 13 84 72 
62 36 87 64 75 44 99 45 7 27 22 40 36 83 80 11 98 88 10 23 56 25 36 34 68 8 34 75 96 19 33 65 83 12 58 43 43 96 82 98 33 51 23 50 100 12 19 89 47 64 83 48 87 92 10 56 28 67 15 80 91 38 31 13 5 45 22 10 26 8 100 47 91 19 85 54 37 40 51 13 68 65 27 71 60 80 3 21 7 47 40 30 34 44 83 43 63 78 30 27 
79 41 50 46 88 42 98 75 64 23 76 80 92 68 80 82 87 50 9 34 3 78 36 81 58 99 45 9 52 8 51 70 23 20 16 81 6 80 65 18 31 36 10 30 28 49 78 80 100 77 69 80 31 72 29 65 12 32 34 67 11 11 35 32 55 24 9 64 96 63 69 63 70 93 36 83 27 83 33 15 44 97 75 41 16 51 17 17 20 84 15 4 66 93 84 26 81 24 43 42 
17 44 44 59 33 92 5 47 76 47 98 98 33 23 23 73 99 35 40 58 62 2 85 41 14 69 88 68 6 24 42 31 77 33 35 77 50 40 54 63 72 12 15 23 18 99 78 84 13 50 90 73 99 16 11 62 100 26 10 51 83 78 87 90 30 47 95 18 10 25 58 88 79 72 83 48 5 87 43 99 11 75 70 89 80 82 67 6 53 70 70 50 4 74 4 81 82 21 25 76 
71 42 87 97 4 10 48 2 89 4 97 75 5 88 94 96 40 4 22 7 67 48 11 100 11 80 68 43 40 13 50 52 27 83 2 4 47 5 32 50 15 30 9 91 23 25 51 1 16 37 13 94 3 75 47 74 65 21 43 94 50 43 14 62 40 7 64 69 35 2 65 33 79 80 83 30 41 31 99 18 74 68 3 28 43 27 68 11 32 71 33 72 66 91 98 4 69 76 60 52 
29 44 67 9 44 63 92 19 25 92 63 29 3 61 88 69 45 10 66 77 2 33 75 41 6 67 13 85 37 99 96 75 92 23 63 91 3 44 71 39 7 68 69 61 54 41 52 55 25 5 83 25 1 71 17 54 45 92 10 57 70 98 60 52 68 57 48 100 20 8 33 3 79 14 64 41 35 21 26 9 37 49 73 45 8 62 31 14 32 52 100 81 65 78 100 75 42 50 50 14 
15 91 78 36 56 57 38 18 18 80 5 37 57 36 46 63 61 21 100 34 99 60 4 70 94 90 25 57 88 57 80 84 19 42 100 72 47 74 92 13 83 71 35 7 76 57 8 37 86 44 85 77 13 59 71 37 5 53 47 96 15 55 25 33 64 50 59 68 61 99 80 34 67 49 18 98 11 43 100 48 65 61 63 36 68 41 73 58 17 43 44 71 68 62 43 31 82 43 15 20 
33 80 77 1 8 35 74 88 34 42 99 92 36 57 65 83 3 45 21 29 95 46 47 48 90 17 24 50 75 7 13 23 51 76 71 12 82 32 99 84 23 32 17 69 92 33 82 51 22 88 91 34 87 26 68 27 71 1 13 98 12 100 87 74 23 99 15 94 42 59 26 77 55 88 58 83 58 91 35 50 59 45 2 69 16 78 42 2 11 31 46 99 82 30 57 2 52 52 46 47 
89 62 75 12 78 100 60 42 70 32 19 59 79 5 79 13 38 84 21 82 25 44 100 51 8 88 86 44 16 16 50 98 16 43 78 8 13 87 94 72 100 25 36 12 48 7 33 72 29 40 77 29 85 3 35 54 26 19 66 55 92 67 56 71 91 73 1 60 67 89 51 93 95 26 15 43 95 56 19 71 59 97 82 19 21 1 77 92 68 99 82 99 8 46 93 7 8 89 33 5 
32 82 63 87 96 67 85 30 78 41 68 76 41 90 81 81 1 100 63 53 10 39 6 26 4 3 69 54 4 77 80 7 68 46 86 37 41 58 21 78 45 15 87 52 25 9 69 33 30 84 47 47 66 72 14 51 14 86 86 64 27 80 87 3 64 44 14 22 68 38 60 19 77 92 85 67 28 92 73 68 26 82 50 34 32 87 47 97 71 99 42 19 67 6 49 36 38 73 1 70 
57 35 97 88 89 31 31 26 40 33 67 44 86 100 93 12 22 24 71 35 32 60 72 62 31 60 62 48 7 47 49 99 79 76 4 2 68 1 62 61 93 42 57 97 22 10 11 46 65 61 37 17 75 40 27 76 13 12 95 46 31 23 70 91 53 53 33 10 3 31 75 41 23 54 51 8 10 55 7 100 1 87 78 42 14 15 1 24 49 83 29 84 3 16 63 28 19 25 47 14 
94 56 73 69 9 16 32 94 6 48 54 35 58 23 61 67 22 5 82 84 45 3 60 52 53 5 46 33 96 94 33 52 54 3 96 95 86 44 51 63 97 26 1 94 4 54 40 23 95 2 72 29 40 44 56 98 3 5 12 36 64 99 30 86 93 31 60 91 19 96 59 97 1 95 69 15 40 17 94 91 58 93 7 11 7 40 92 77 37 35 76 38 90 89 82 8 76 39 55 51 
89 73 95 66 79 4 3 40 42 38 40 10 77 96 100 72 86 81 41 16 6 83 39 71 51 56 74 72 24 53 35 22 49 38 31 54 69 17 43 97 64 40 71 22 21 7 47 99 55 21 59 51 76 13 4 92 2 57 89 12 13 93 47 98 2 78 84 38 51 50 75 48 54 27 96 66 20 17 100 31 56 42 47 12 40 54 31 11 2 19 40 38 36 75 78 82 70 41 71 84 
36 26 41 52 73 14 72 50 90 57 66 84 69 87 96 96 1 87 83 81 12 51 32 35 82 94 4 13 3 1 72 76 95 78 23 63 19 13 46 74 71 28 63 3 66 15 89 81 32 79 41 59 41 100 63 33 7 40 4 18 25 30 3 47 7 72 11 6 62 6 38 18 24 16 91 14 51 10 90 5 72 17 77 1 24 28 79 81 33 59 40 35 86 75 77 47 57 88 84 95 
84 58 61 36 68 8 33 40 100 9 64 63 18 80 84 66 6 81 31 82 15 98 40 66 60 30 70 4 68 96 5 73 44 61 7 1 27 89 95 99 31 9 9 55 10 86 13 85 85 9 10 95 56 32 100 17 34 55 57 45 90 3 90 74 29 20 68 85 89 87 85 69 94 72 20 86 56 81 31 43 23 96 39 52 26 64 6 66 31 7 98 41 14 37 40 28 4 53 40 75 
86 29 80 74 3 44 53 69 86 77 40 80 56 99 27 76 71 95 46 18 15 18 12 35 61 42 75 64 32 70 49 86 80 43 19 19 90 74 8 38 99 7 11 39 21 41 46 64 17 74 34 74 54 62 8 33 71 64 12 55 83 14 26 78 75 92 18 11 97 49 4 43 54 35 49 46 74 34 74 49 22 55 86 31 61 10 5 70 85 90 19 54 24 17 7 90 24 44 82 72 
22 6 82 86 41 89 38 73 37 74 66 89 95 67 94 79 59 24 1 72 26 34 15 78 80 18 27 74 18 50 87 69 2 19 47 20 69 70 6 89 1 71 28 15 91 34 42 7 82 89 81 17 85 2 56 60 88 18 31 31 28 5 75 30 57 21 11 89 64 31 67 85 73 96 53 87 11 45 79 40 64 59 69 72 73 4 82 27 23 61 69 51 77 45 65 27 92 64 97 26 
93 16 89 74 68 5 11 64 68 94 42 68 86 70 78 70 71 87 36 5 26 42 45 30 87 74 81 3 37 39 82 12 98 43 69 81 51 19 55 46 89 3 87 54 19 1 80 93 23 75 87 98 47 73 21 78 27 40 27 64 16 11 46 88 21 77 22 39 70 48 37 15 75 58 13 40 50 88 10 56 3 83 9 48 47 5 65 14 14 39 31 75 56 49 54 36 62 51 81 67 
44 61 18 67 97 43 51 92 80 27 66 8 47 1 29 29 5 66 73 64 42 46 42 41 45 4 16 73 77 97 100 55 22 10 83 42 60 31 49 30 45 68 82 38 48 87 1 74 60 62 82 27 28 60 96 44 84 5 47 73 23 74 67 85 84 63 45 22 100 96 39 2 80 24 27 30 16 25 100 1 34 62 63 49 89 99 64 21 81 8 80 14 35 38 83 72 98 11 43 11 
58 12 43 11 47 35 67 78 65 15 88 40 4 15 53 26 69 2 3 4 22 60 4 48 74 37 13 65 49 60 13 87 100 48 74 55 82 100 34 84 79 33 56 83 4 50 35 62 53 53 55 45 84 29 18 25 2 74 82 100 62 58 69 20 50 37 85 49 85 76 57 29 39 2 18 37 55 48 77 87 39 3 89 99 38 97 84 33 5 75 23 83 42 52 96 47 12 93 56 82 
69 95 72 42 11 22 10 93 95 61 12 2 36 90 31 54 80 58 46 42 82 83 4 52 20 56 40 1 60 48 53 48 48 16 78 3 100 90 92 12 87 76 31 48 100 94 51 43 8 38 19 29 42 80 31 5 17 96 18 85 70 47 2 46 30 19 29 78 24 69 53 18 87 88 86 41 84 27 99 23 74 56 68 26 80 27 43 21 96 90 28 36 21 80 83 31 82 55 87 27 
72 3 92 65 46 8 69 2 99 19 72 75 91 18 54 70 43 92 86 67 34 96 18 44 27 100 31 97 14 56 21 62 96 8 50 71 13 31 85 15 50 15 75 9 50 62 54 97 51 20 12 2 76 28 72 60 4 59 61 69 42 75 36 50 79 10 70 48 1 7 26 36 15 89 84 69 74 10 30 21 15 61 78 46 56 26 43 100 59 48 11 82 67 98 60 24 64 40 84 66 
26 10 10 1 18 77 84 24 83 34 79 12 30 53 74 77 4 48 98 30 57 5 60 80 81 80 79 82 49 33 88 86 68 4 63 26 12 13 4 27 82 14 43 74 60 46 97 49 71 65 73 21 7 59 89 58 51 21 39 85 12 37 93 8 33 17 4 23 58 5 14 72 52 25 52 70 63 67 28 63 62 100 74 4 83 53 59 22 6 12 65 13 59 53 66 27 26 6 81 79 
85 25 5 58 41 62 92 13 98 40 10 93 19 15 18 59 22 100 58 36 26 4 59 11 56 61 22 62 2 100 72 95 51 54 46 81 8 37 61 64 56 69 48 52 30 64 36 34 65 43 1 63 69 4 7 52 27 90 71 39 87 5 12 5 93 27 9 86 16 24 60 24 49 34 91 85 32 100 49 98 42 68 83 47 86 74 15 63 69 78 30 50 94 58 50 18 22 44 56 51 
96 94 4 22 83 59 37 13 20 98 30 61 46 58 23 96 70 81 98 65 32 46 96 17 82 16 94 33 32 73 30 23 97 13 99 58 66 95 88 6 1 98 87 98 79 11 92 100 34 75 76 26 7 76 26 64 38 83 92 69 31 73 20 45 14 59 9 3 99 50 13 62 84 38 17 80 8 36 1 10 46 66 45 90 82 91 89 70 41 77 5 26 95 58 33 85 10 64 84 30 
49 48 9 64 24 98 10 53 81 9 18 36 45 63 96 69 78 81 50 35 24 30 6 25 68 70 81 33 68 76 6 94 20 40 28 98 72 88 86 33 63 89 72 14 99 21 79 27 13 56 40 92 97 99 45 37 70 42 83 56 5 89 83 88 79 22 94 8 49 84 53 14 86 36 86 100 35 1 26 47 91 15 55 9 5 1 41 36 94 44 33 82 5 50 10 36 80 70 8 3 
90 16 93 28 48 70 16 88 39 36 80 73 22 26 31 59 1 63 78 49 92 40 36 62 55 58 15 7 85 79 47 81 22 47 18 36 72 20 13 51 15 5 78 48 82 46 22 60 92 30 37 76 94 42 74 68 84 46 97 78 80 22 47 65 50 35 96 55 59 97 21 52 36 87 66 37 57 73 100 29 33 29 54 11 76 42 88 44 74 3 94 64 26 68 68 24 46 75 41 52 
47 22 59 42 25 55 17 34 69 22 6 26 18 88 21 46 9 1 26 14 31 67 30 89 70 26 90 86 12 73 8 45 25 51 72 85 45 21 77 22 4 61 93 91 75 54 70 22 8 12 27 83 38 56 84 24 9 79 34 48 44 75 73 71 36 84 34 87 59 84 83 10 11 12 100 50 16 62 95 36 29 81 19 11 87 81 31 32 75 28 68 93 25 55 64 2 53 34 62 88 
97 79 62 12 63 45 89 82 98 29 70 89 31 44 16 33 16 24 78 32 65 18 39 96 2 70 8 75 85 80 65 38 21 30 50 63 45 95 50 7 18 83 46 81 98 60 76 54 97 89 98 43 22 70 70 55 8 15 73 59 41 76 69 67 83 68 53 54 28 56 25 82 33 23 94 67 10 15 3 52 57 50 68 72 91 7 30 80 77 67 31 7 60 44 14 38 46 42 8 30 
51 85 41 40 10 23 83 49 59 53 83 75 84 61 48 70 83 65 74 97 31 31 20 99 88 44 35 65 85 76 88 66 33 78 25 54 29 19 24 9 12 36 19 65 90 78 7 11 67 87 68 68 65 24 13 95 94 41 8 74 43 75 84 20 57 41 45 93 60 64 69 86 30 41 98 29 28 86 36 4 77 59 80 69 38 72 41 82 78 75 81 79 74 8 45 85 45 91 19 50 
25 75 18 27 94 82 26 39 46 14 72 53 57 58 2 7 95 82 1 31 24 24 53 95 1 16 96 64 71 45 16 56 9 47 50 55 62 73 88 35 20 14 45 99 8 85 74 87 14 39 91 45 84 59 46 98 41 63 41 17 93 63 5 6 54 1 47 23 54 92 99 76 46 66 8 66 95 58 32 53 50 84 46 92 35 82 57 90 9 48 63 15 76 61 28 100 97 88 61 60 
43 20 64 42 21 5 40 7 98 8 44 37 76 63 44 19 3 70 13 7 42 98 47 58 69 84 70 80 33 40 58 92 37 68 40 77 29 63 92 28 54 76 33 73 66 47 70 59 9 47 24 65 7 59 38 4 74 31 31 47 99 88 40 80 12 1 53 87 40 51 77 73 48 16 61 19 41 8 58 48 12 17 21 77 25 88 21 90 26 4 64 41 51 39 71 81 75 75 28 71 
13 92 61 25 10 12 93 65 91 31 94 47 66 31 64 47 19 56 73 78 31 61 25 34 6 66 88 94 16 23 39 87 16 80 77 67 76 54 85 68 46 62 5 28 85 88 44 96 72 71 30 77 17 25 29 35 98 82 21 15 24 100 9 87 50 91 21 51 20 37 82 18 17 31 13 91 66 92 68 27 46 4 73 95 64 83 44 17 31 35 72 49 100 5 18 55 90 18 16 8 
46 31 77 40 88 44 88 97 88 64 5 95 37 63 38 68 44 50 16 44 75 79 20 18 21 70 69 55 63 32 68 75 51 77 35 42 55 45 19 23 23 8 27 28 12 75 87 86 80 32 16 59 73 89 40 16 5 23 73 93 62 94 30 64 97 19 63 60 99 49 84 31 86 4 2 67 42 4 1 41 25 39 33 18 32 80 32 65 31 12 41 4 32 11 23 83 45 99 85 47 
2 55 42 83 95 50 5 57 66 84 68 51 23 91 53 90 87 34 18 77 83 68 26 43 49 71 92 85 25 86 58 18 29 58 14 90 56 15 32 7 41 91 87 22 74 71 47 63 50 28 76 69 91 36 85 6 33 28 81 65 65 39 63 71 1 6 89 16 6 71 9 35 62 44 17 3 79 68 22 50 54 92 7 63 99 47 73 63 93 31 44 35 18 45 37 98 50 21 50 27 
99 74 56 47 36 30 75 36 84 98 60 95 96 69 8 25 30 42 64 58 60 21 32 76 66 23 42 40 51 17 9 39 52 94 2 4 87 5 88 33 69 94 96 71 66 71 78 100 100 45 99 14 66 9 68 59 81 88 93 29 74 57 13 59 69 57 49 60 62 75 55 20 42 74 15 41 17 48 67 43 5 48 66 21 59 28 26 94 77 65 9 44 55 65 31 71 86 49 19 63 
9 67 86 15 88 67 46 63 36 42 68 48 89 86 42 38 7 19 85 100 17 95 87 76 45 37 26 42 62 11 57 97 36 3 1 61 45 97 89 55 25 84 77 34 62 5 35 56 20 100 48 5 38 72 54 3 27 43 24 61 96 100 26 43 53 53 90 75 22 66 21 14 30 87 21 28 42 34 82 92 57 23 36 90 100 97 4 15 54 72 28 33 59 51 60 96 6 78 78 64 
52 18 15 10 9 69 95 81 100 28 11 33 98 74 16 79 95 6 23 31 68 81 83 42 9 2 65 43 92 6 58 35 15 7 28 76 24 25 20 19 79 61 9 75 51 33 11 59 99 100 94 53 71 12 77 25 97 30 55 77 94 78 66 25 97 17 97 50 54 93 63 94 5 80 62 57 100 85 93 91 8 29 48 7 63 64 41 76 80 16 19 36 87 16 5 34 89 76 29 57 
52 69 83 30 26 48 81 4 94 93 92 94 88 9 95 29 28 61 96 82 35 71 49 94 13 58 86 45 58 59 8 42 98 83 4 61 86 20 74 34 39 24 53 53 20 91 59 94 10 68 97 38 33 12 69 50 34 37 43 74 97 15 3 43 77 7 66 18 53 86 76 17 21 79 49 21 50 87 80 63 56 48 16 61 76 83 6 26 32 8 84 16 40 72 52 11 22 29 55 45 
45 99 56 61 80 37 33 51 43 71 59 62 52 66 88 92 4 83 55 7 71 46 77 77 52 14 89 64 74 75 72 45 38 3 7 74 73 85 48 34 65 13 83 27 96 91 83 10 60 6 22 79 55 89 47 34 77 23 72 71 87 99 2 83 42 15 20 40 9 22 87 32 31 68 26 26 92 44 24 48 59 47 65 57 17 19 29 24 78 61 78 70 56 95 74 41 43 69 57 43 
53 46 63 3 66 45 20 45 97 14 82 6 19 94 13 90 71 89 97 92 45 41 95 83 80 50 18 13 99 78 95 59 58 67 30 61 84 87 16 16 58 5 68 27 33 41 22 100 74 97 67 26 67 60 33 27 1 20 1 55 54 37 15 16 59 92 7 59 8 98 1 33 70 48 61 31 85 8 7 84 74 38 77 8 85 2 38 77 87 62 71 17 45 95 63 94 9 57 9 42 
77 54 91 11 58 73 95 11 76 64 20 17 79 6 63 90 27 32 35 81 33 63 71 87 6 37 50 99 60 91 66 27 99 8 29 32 30 48 26 76 74 58 48 4 65 49 26 69 61 24 89 24 46 81 77 30 48 5 25 58 86 60 19 62 1 62 51 23 84 70 40 94 15 83 62 65 59 74 47 46 71 59 61 40 2 60 19 15 87 38 64 41 50 26 14 73 41 7 67 92 
91 3 26 77 24 14 68 25 36 84 77 63 91 16 66 32 96 60 50 14 41 40 91 93 74 74 95 95 19 27 52 44 25 77 64 22 44 44 100 88 50 11 75 17 66 30 93 83 49 29 34 23 20 78 59 16 71 98 97 67 85 67 3 23 66 74 79 6 60 80 45 29 46 29 40 54 55 98 28 8 9 79 44 61 55 80 13 83 99 41 77 79 28 43 91 58 44 66 18 14 
