100 100
10 78 3 79 64 30 89 66 22 22 11 34 100 63 36 7 15 8 24 24 98 32 98 58 23 25 88 69 63 88 77 44 4 38 10 14 32 24 2 30 56 62 27 13 76 1 87 48 57 10 48 77 95 58 10 16 51 84 2 74 66 31 28 13 10 59 99 35 87 80 20 96 62 38 46 49 59 26 40 96 53 64 48 85 91 100 63 51 42 4 9 90 94 60 86 60 80 52 56 4 
14 97 70 60 100 90 51 34 17 10 15 38 37 77 33 67 2 34 38 52 89 99 5 94 56 8 1 99 47 46 18 7 26 34 57 36 7 43 29 39 6 55 61 97 88 8 43 53 37 87 29 94 96 5 14 10 73 25 2 52 52 30 19 1 67 92 36 67 76 5 21 33 12 17 87 34 8 37 83 35 36 50 14 97 96 93 45 39 32 38 18 94 13 60 63 57 56 63 66 23 
17 11 35 13 85 37 22 56 72 100 83 59 12 1 28 39 78 100 50 36 46 27 25 68 30 66 84 78 85 23 43 87 39 18 32 39 88 29 79 78 42 52 89 66 44 72 31 43 53 25 96 1 10 31 35 3 64 4 78 93 89 33 46 74 18 7 81 98 80 2 43 77 37 95 46 70 23 25 38 7 22 73 51 38 4 74 58 8 76 77 42 27 64 51 43 95 23 56 16 37 
83 96 56 100 37 85 61 38 39 12 62 88 17 45 24 35 61 62 1 31 25 2 43 2 73 26 10 83 68 75 35 23 66 61 2 76 79 41 43 19 13 24 6 22 1 77 91 70 90 58 35 52 22 75 70 93 8 40 99 58 32 100 90 81 33 3 78 57 92 73 70 24 51 31 85 11 59 83 27 3 85 64 70 18 31 67 5 14 45 33 39 53 96 16 94 40 99 51 4 45 
11 80 84 35 92 43 79 75 90 52 31 25 81 12 40 10 33 25 99 77 42 27 51 45 61 91 46 30 31 2 73 68 96 58 39 12 63 13 35 17 42 94 20 24 78 82 96 80 29 52 8 55 80 27 10 36 18 64 80 28 62 96 80 2 62 82 71 56 84 25 14 5 83 48 100 99 64 57 5 63 71 7 79 9 24 33 73 57 64 6 15 11 82 19 96 21 79 78 83 21 
8 40 16 8 12 39 12 87 83 50 83 74 22 56 93 74 86 70 46 44 7 31 43 81 94 83 56 11 56 89 90 64 59 14 85 56 95 17 65 87 8 59 84 27 67 34 71 17 2 32 21 86 25 66 57 4 97 89 97 26 96 5 36 38 19 2 93 4 40 34 91 62 21 32 100 56 48 26 39 76 16 35 85 62 44 60 51 24 87 31 86 5 18 5 1 86 61 58 1 16 
76 71 65 83 41 45 25 10 42 88 72 62 63 96 38 36 27 16 19 4 95 19 2 14 4 13 46 14 100 12 28 77 86 80 31 91 5 94 1 8 78 25 83 44 18 44 48 25 31 34 86 86 97 98 6 20 66 87 15 23 35 74 24 72 50 61 66 64 10 24 81 3 40 97 72 95 42 67 50 53 8 19 59 5 77 71 10 60 34 1 1 19 49 90 17 66 21 60 75 11 
13 33 23 7 65 31 1 87 22 77 54 12 35 75 32 19 86 63 33 23 43 45 48 18 7 72 90 37 48 15 100 67 16 67 54 79 39 22 18 54 42 45 34 7 61 82 99 43 87 91 98 25 40 37 53 22 76 39 2 74 4 53 70 8 8 78 31 81 81 2 43 8 43 72 15 17 30 10 30 27 80 91 60 28 41 100 100 64 6 41 80 81 96 34 100 21 20 95 37 65 
25 97 63 53 93 36 56 47 77 10 97 84 4 34 24 82 15 56 3 98 34 59 42 20 78 79 74 27 57 52 18 55 14 99 18 7 47 44 87 86 19 51 31 47 52 51 6 85 38 68 30 60 82 51 15 1 58 96 15 45 47 7 50 80 47 69 3 51 18 25 87 56 92 37 92 82 53 8 77 82 79 59 34 80 43 40 80 51 61 5 68 91 41 39 24 77 83 3 67 56 
73 33 15 81 26 35 89 46 81 86 86 37 2 65 5 63 60 77 56 66 85 26 18 63 49 100 14 26 3 52 32 85 73 29 47 69 96 41 75 51 32 87 53 73 39 61 99 77 67 14 63 100 81 27 45 18 17 14 84 48 74 47 35 94 79 92 22 87 99 23 25 75 73 76 70 30 31 36 62 38 51 19 32 74 45 35 76 55 79 35 2 66 23 12 85 61 32 22 87 51 
59 36 81 52 47 12 42 49 24 65 17 5 66 19 77 98 68 98 60 41 67 39 15 66 85 15 4 39 8 16 43 27 82 72 57 89 79 70 73 77 62 70 59 21 85 63 48 81 43 62 45 23 24 54 13 5 25 10 59 49 21 24 6 58 92 5 14 38 86 47 52 40 57 88 60 99 29 24 79 70 87 22 57 56 93 37 90 100 39 51 74 43 95 41 99 32 54 8 54 69 
40 34 6 50 30 81 21 73 24 49 22 35 71 19 50 15 18 74 47 72 85 51 94 91 72 19 91 9 7 86 44 94 50 95 100 87 45 81 76 98 11 23 15 19 78 76 32 100 28 87 38 66 79 8 65 16 8 9 94 22 17 53 48 36 96 87 27 85 56 40 4 82 45 69 70 30 87 59 51 43 62 81 94 36 39 55 58 42 68 1 10 21 14 31 93 13 24 59 83 35 
75 59 56 84 66 27 68 37 37 38 93 13 89 73 80 78 21 8 89 13 17 2 81 74 13 50 95 32 68 29 95 63 92 100 44 41 42 39 91 54 82 49 40 89 67 91 92 6 3 34 84 93 91 9 67 75 26 61 16 49 14 56 10 15 31 27 99 40 99 49 73 36 3 34 81 65 81 76 29 63 60 78 66 28 20 54 97 4 73 83 8 79 33 3 21 4 12 72 31 73 
16 58 62 73 41 97 34 20 28 28 76 35 98 42 80 29 30 47 41 92 58 95 88 22 74 56 9 82 30 86 53 67 9 96 61 48 11 49 4 38 14 7 87 75 80 68 24 84 94 86 16 96 83 33 54 89 28 72 19 90 60 92 79 90 2 28 32 51 19 18 6 21 82 11 41 9 28 67 93 37 71 28 83 69 50 81 99 74 15 86 76 14 36 27 17 75 42 92 7 57 
1 13 65 47 27 88 77 10 44 59 15 8 95 11 58 13 96 59 13 70 89 92 8 3 93 48 29 25 36 57 89 78 15 74 6 84 13 75 56 46 60 23 47 44 49 61 20 69 87 49 41 75 67 99 51 21 64 93 99 87 81 25 3 31 64 91 96 57 72 97 80 75 60 23 1 46 67 8 16 15 83 47 52 57 53 62 50 31 69 78 40 68 28 44 70 49 80 5 65 68 
10 50 53 27 11 56 74 94 94 96 31 41 37 46 13 82 53 95 93 61 71 3 59 16 14 4 54 93 98 8 93 9 35 33 66 99 25 67 89 25 85 51 86 62 75 14 95 18 7 44 98 75 64 5 88 47 97 71 83 51 21 78 3 96 99 78 85 77 67 24 73 51 98 40 18 70 15 85 13 4 71 75 11 51 44 54 78 97 60 17 23 60 16 13 68 48 5 95 88 83 
7 19 3 32 48 35 41 90 51 30 5 70 37 35 14 57 28 45 98 27 75 17 13 49 6 18 87 54 15 32 83 27 82 17 64 59 30 32 97 57 3 52 86 99 64 57 44 99 100 51 52 74 78 69 45 50 23 83 2 80 9 45 70 4 2 90 68 66 6 91 40 15 30 90 86 55 44 63 12 24 13 32 90 71 96 57 87 13 85 64 39 76 86 25 68 42 85 51 5 38 
24 94 98 9 49 72 15 70 66 73 25 55 54 55 99 73 91 53 53 80 34 82 75 8 50 28 37 92 77 67 70 59 4 8 34 79 13 69 84 30 48 86 68 91 29 57 79 47 81 44 49 18 81 56 61 98 61 11 69 18 3 1 86 18 64 38 72 67 47 72 46 94 19 18 55 77 84 94 83 2 20 82 15 60 47 57 17 19 73 61 11 27 28 27 37 38 24 71 92 69 
67 54 91 65 68 6 85 41 17 82 45 30 75 42 7 88 97 70 5 30 56 55 43 59 45 90 54 76 90 92 44 94 69 69 8 45 80 15 34 78 66 12 7 49 83 86 81 74 33 7 94 44 39 14 11 52 86 9 25 79 46 79 81 85 32 97 11 62 79 46 95 73 61 60 45 80 97 67 89 98 12 33 61 82 89 80 51 31 82 84 8 81 17 56 30 84 98 33 89 51 
5 35 87 71 3 36 26 59 23 96 97 68 98 93 3 66 23 90 38 59 82 99 97 97 57 10 95 96 42 41 58 92 96 32 76 62 76 72 92 2 89 75 95 77 80 73 27 13 70 25 72 75 26 50 16 9 4 48 98 4 18 61 58 31 60 44 92 47 56 33 21 95 75 14 52 66 5 66 22 75 86 44 9 48 35 90 2 28 71 12 78 61 90 36 12 20 89 68 19 54 
22 52 58 85 64 78 75 20 22 83 19 44 81 84 35 84 38 34 26 10 77 66 80 72 74 74 80 49 46 9 20 50 86 79 36 4 20 33 65 75 40 20 77 3 93 27 64 57 66 97 62 49 14 11 61 65 23 47 93 58 79 58 52 16 12 62 42 36 6 37 95 81 6 35 60 26 30 71 61 100 76 31 27 13 26 31 40 95 70 51 96 24 73 73 85 100 43 72 57 73 
73 83 3 99 74 39 27 42 95 98 81 18 63 63 66 14 47 64 75 42 10 99 92 87 56 20 80 83 12 22 27 21 67 24 95 89 5 50 82 7 9 49 49 90 17 26 55 49 14 68 36 71 98 39 14 77 12 77 59 78 16 81 30 58 75 69 60 42 45 78 77 24 94 36 43 59 31 98 22 25 28 63 81 90 87 22 7 51 77 10 88 16 49 50 72 82 32 29 75 94 
50 57 22 10 45 22 60 81 59 51 59 14 59 40 17 50 8 35 41 83 32 83 33 4 77 96 68 22 64 21 2 43 24 4 94 58 82 87 9 41 17 78 16 94 64 3 64 12 13 76 65 43 32 96 9 79 75 35 92 85 90 1 87 40 51 98 53 85 92 55 88 72 40 70 84 46 79 43 52 76 88 54 18 80 48 83 92 25 50 46 42 10 28 50 91 70 42 68 65 81 
97 99 12 59 41 67 88 4 98 84 100 76 8 44 51 82 81 63 79 54 29 22 46 85 32 70 77 77 83 70 7 34 81 40 35 63 47 49 22 70 4 24 56 92 49 82 65 65 39 47 65 35 1 91 20 97 89 91 21 26 8 75 17 69 29 69 83 38 4 18 10 71 75 10 7 17 60 29 10 1 49 56 42 89 75 59 59 72 64 57 91 25 44 65 82 87 85 59 19 42 
28 58 52 80 32 61 41 37 25 58 48 77 47 9 30 34 94 75 69 5 9 85 31 5 83 73 21 86 71 24 70 31 94 35 25 53 99 17 26 6 75 75 61 60 28 7 43 71 11 62 23 3 55 90 39 68 66 21 19 5 47 62 100 74 40 2 29 38 31 98 61 19 9 33 31 97 51 7 70 71 85 41 68 23 57 87 84 96 95 78 43 66 70 14 58 1 5 99 55 19 
95 52 64 38 96 8 98 60 45 83 28 77 43 18 65 79 63 78 70 58 44 73 40 77 47 20 71 64 32 67 91 5 79 8 33 91 62 3 77 35 16 57 51 14 26 37 26 30 41 49 25 58 57 44 22 50 8 23 25 73 66 52 25 76 16 73 87 73 69 11 85 73 89 46 76 29 56 36 82 2 23 92 44 8 60 3 31 39 56 41 36 57 5 34 65 90 58 7 83 100 
36 78 81 98 52 68 83 76 50 25 91 86 75 84 51 50 17 35 71 84 88 74 13 15 96 7 5 4 19 49 24 18 56 3 19 39 29 63 94 17 83 3 3 22 2 36 59 72 47 40 76 64 90 100 74 3 49 17 49 32 1 85 89 71 53 88 53 100 94 98 63 50 20 36 25 26 95 12 4 85 97 58 29 8 30 33 70 90 87 46 93 67 67 90 4 42 49 19 36 8 
86 42 14 28 15 65 98 29 70 97 4 21 72 38 9 80 7 10 96 93 52 71 95 11 7 16 75 92 55 28 62 83 100 28 69 60 88 55 88 19 67 38 90 74 59 20 13 23 94 57 37 92 29 20 76 61 88 4 69 58 97 38 91 54 79 3 18 98 1 36 63 1 35 32 71 95 30 14 78 67 50 36 49 28 9 51 30 39 77 41 10 60 92 47 88 86 19 67 23 3 
26 43 34 40 73 31 24 28 100 21 82 22 8 79 70 23 29 26 21 88 74 78 47 15 50 73 19 13 25 36 72 9 76 42 86 11 20 25 34 49 71 33 60 11 68 55 7 95 84 34 21 35 57 22 53 23 71 58 79 77 17 80 42 100 52 64 9 84 69 60 62 87 54 59 90 9 37 40 20 76 50 61 5 55 65 38 84 36 31 39 67 92 4 34 43 91 60 51 79 53 
22 59 2 78 93 98 19 60 59 45 55 80 54 12 26 85 24 73 47 98 15 50 68 88 81 70 32 87 42 47 25 62 62 45 88 97 34 30 11 61 91 73 54 84 2 85 73 77 38 29 72 98 62 88 100 28 61 35 86 87 95 18 29 54 1 64 45 82 53 19 60 97 44 25 19 48 11 61 83 42 91 67 70 46 24 65 58 52 69 88 39 72 45 34 66 66 91 44 61 59 
3 51 64 74 90 24 21 79 64 52 16 71 40 39 33 2 82 57 62 22 5 7 31 24 8 62 83 31 71 97 12 69 19 59 24 13 51 81 17 33 56 90 29 100 38 54 60 90 71 62 43 83 18 13 40 43 67 62 93 90 79 77 55 17 69 80 15 14 55 24 10 72 39 65 80 30 48 28 53 95 65 45 86 52 16 22 24 40 31 58 100 58 35 100 67 5 83 37 14 40 
70 8 7 57 57 94 98 4 78 4 84 26 88 7 4 36 16 56 30 62 72 41 10 92 14 42 65 9 35 91 16 22 46 6 12 50 52 32 43 64 38 81 48 22 29 75 77 31 35 53 90 5 95 7 70 16 54 21 88 34 33 63 10 39 72 68 11 95 99 25 21 33 42 4 49 66 58 46 18 55 5 77 93 92 48 4 8 46 32 14 41 69 59 81 24 29 9 19 48 7 
3 64 10 36 100 22 48 1 85 27 39 7 91 14 84 16 79 81 29 98 76 78 53 96 100 26 35 16 94 33 38 27 31 41 89 77 50 9 90 44 78 51 92 5 30 57 47 52 43 7 9 14 36 5 99 33 14 91 60 70 45 32 27 31 35 86 28 76 18 28 43 53 12 14 84 7 24 24 86 80 64 96 1 14 18 75 61 11 9 20 60 59 23 96 10 4 1 36 39 14 
14 100 41 93 40 83 98 55 95 51 100 21 74 96 91 66 54 45 93 27 100 62 77 74 15 31 11 58 50 40 69 48 74 4 54 5 100 77 11 55 57 22 50 38 22 17 97 66 24 41 17 59 76 79 86 10 30 17 85 34 70 51 85 85 51 53 65 78 34 18 46 56 90 2 90 20 15 37 86 77 16 53 65 51 58 4 53 43 91 14 53 95 98 19 12 87 21 31 70 1 
21 13 41 58 61 99 31 6 59 23 30 15 52 52 61 46 21 59 32 11 93 81 35 7 41 84 97 46 42 11 47 4 87 94 96 81 53 78 30 69 1 64 22 25 58 70 29 38 17 59 31 49 64 97 100 70 33 47 18 78 67 63 7 5 46 12 52 72 53 87 9 70 71 75 83 3 63 14 44 46 72 50 92 40 66 41 37 22 67 74 1 98 90 6 83 85 71 60 33 90 
44 31 88 21 50 9 67 79 46 70 21 81 62 35 100 100 61 79 98 1 94 38 31 75 71 19 60 19 40 92 94 44 86 58 29 12 74 19 97 26 75 16 60 94 60 90 84 1 41 52 5 39 12 38 95 8 99 63 81 55 100 38 30 20 91 13 96 60 73 19 26 14 13 62 43 76 52 23 55 36 51 50 88 39 66 98 100 40 62 30 14 99 48 45 96 43 76 29 32 38 
98 84 41 69 43 95 90 43 40 28 25 8 78 29 2 23 49 25 50 89 13 91 49 34 52 34 11 43 61 13 23 78 85 8 26 71 19 76 16 57 49 17 33 1 54 10 32 18 70 46 40 1 36 43 70 53 67 49 43 17 58 91 34 75 19 33 93 39 91 14 51 65 39 56 22 57 28 54 13 34 83 95 78 9 32 12 41 33 92 1 49 79 95 61 81 9 49 28 32 98 
57 67 94 87 53 67 92 65 94 16 73 80 7 86 77 56 42 99 58 36 51 94 91 6 84 8 73 9 81 34 68 74 74 8 88 76 54 33 22 82 74 64 24 76 100 72 76 70 86 1 76 6 62 10 96 4 58 18 82 47 43 97 45 99 21 22 7 97 53 51 67 73 87 24 33 28 88 65 96 62 44 86 99 99 50 30 52 8 63 44 49 5 74 83 40 18 95 60 9 58 
1 71 77 2 59 73 72 76 65 43 7 84 35 43 13 86 14 47 79 6 3 82 41 52 42 79 94 72 86 12 82 17 46 58 43 43 16 14 73 76 99 48 15 83 3 31 38 48 41 23 61 37 64 71 20 52 84 19 10 85 98 61 47 50 51 83 77 66 28 85 24 28 45 50 19 92 60 4 25 70 97 30 69 8 82 72 14 37 82 82 76 50 32 18 17 60 77 36 93 65 
29 11 62 30 10 28 43 97 53 2 58 27 1 76 66 73 46 67 21 23 24 78 17 92 42 36 7 34 46 29 64 90 92 62 75 48 39 76 78 29 69 90 73 58 62 8 86 55 64 30 48 61 62 66 1 72 96 86 15 30 91 60 21 72 79 86 86 59 93 18 42 89 39 13 53 7 36 59 68 100 13 29 42 69 36 19 25 27 77 19 14 24 66 97 97 10 3 51 77 54 
61 70 89 61 81 75 92 83 88 81 78 40 33 43 87 47 15 32 68 56 75 85 30 69 21 28 93 13 77 46 97 27 48 35 54 96 29 50 99 84 78 51 43 84 17 94 50 37 7 86 46 4 29 50 73 58 90 11 69 2 44 64 39 14 61 12 32 74 63 23 40 39 77 53 91 18 70 17 75 12 25 31 99 19 82 86 69 35 68 88 68 7 62 62 88 15 23 6 32 71 
22 13 63 11 76 71 90 18 91 6 35 52 87 19 23 78 68 8 30 84 49 42 98 12 54 37 47 85 33 31 44 3 100 59 94 26 62 73 36 67 95 88 47 45 17 50 63 34 30 27 3 13 47 40 39 26 79 14 96 4 89 4 96 50 4 31 98 82 18 93 2 60 38 40 73 78 23 92 5 15 38 96 10 26 38 67 99 58 34 54 7 35 34 54 36 96 94 65 20 18 
95 56 89 8 35 17 54 7 56 47 39 73 63 61 8 44 80 9 2 26 89 89 89 67 50 21 93 40 42 50 29 4 32 98 96 99 11 60 96 52 10 25 36 94 23 53 4 18 32 9 20 46 36 44 15 81 97 39 78 59 1 87 43 59 36 71 92 44 31 100 65 71 23 9 22 27 62 98 17 13 89 37 51 77 24 74 1 88 67 38 100 96 40 35 75 27 95 29 3 23 
14 62 77 28 14 58 66 6 9 60 81 57 92 12 62 31 80 10 28 72 38 61 62 13 82 23 10 89 23 96 27 28 12 68 48 23 40 59 79 60 16 87 59 89 96 87 29 26 63 4 3 78 76 3 30 34 2 7 33 10 25 95 8 72 33 11 38 2 3 91 38 83 9 11 47 76 6 38 45 69 82 65 21 73 59 95 44 75 85 24 25 6 66 5 76 9 48 22 46 66 
26 62 84 78 49 95 15 13 71 59 80 45 99 13 80 41 15 18 43 43 29 69 98 94 86 35 88 23 19 80 22 57 20 51 8 74 44 23 99 88 59 99 19 50 73 28 81 6 39 58 72 81 28 30 32 44 42 59 95 39 9 64 72 56 47 57 55 64 98 90 23 66 43 37 31 80 64 30 75 89 94 17 7 38 33 4 80 32 61 36 3 62 13 15 65 94 56 10 39 5 
22 51 14 66 48 16 54 82 21 12 19 55 12 70 90 55 8 40 5 58 17 43 47 56 31 47 33 29 51 90 85 36 9 66 66 50 99 70 89 16 13 13 28 61 22 12 55 59 44 72 4 51 8 29 7 25 75 75 44 82 66 39 9 43 12 72 85 10 100 69 73 5 67 53 89 8 42 91 86 32 76 33 96 3 82 86 45 56 97 55 4 71 41 38 23 82 86 62 84 37 
70 48 77 15 55 10 91 86 13 40 73 8 81 2 55 3 2 82 24 41 71 15 64 56 62 22 11 15 38 26 14 68 37 12 93 32 37 5 84 47 91 31 22 26 1 56 70 67 39 21 6 9 27 22 65 78 91 99 74 11 30 36 30 55 16 39 11 2 42 57 62 24 5 53 13 15 68 72 36 65 66 27 7 98 43 50 86 3 25 66 89 78 6 23 69 50 98 39 23 43 
1 89 63 94 44 3 34 79 41 30 93 79 99 22 19 46 100 98 39 39 24 12 34 28 15 16 60 91 68 53 14 97 84 60 66 95 33 33 87 21 25 3 72 60 48 30 79 17 45 73 98 69 74 28 57 49 98 15 58 9 87 61 35 72 33 2 13 78 86 59 39 56 58 71 27 30 69 68 76 85 28 30 53 85 38 71 45 33 43 61 56 17 60 74 38 63 44 95 44 34 
86 80 88 51 60 30 77 39 7 74 54 100 44 99 77 59 60 4 25 44 1 21 21 13 79 97 19 20 50 43 57 73 6 97 51 89 85 84 84 66 37 63 60 56 39 50 32 85 15 83 9 72 57 92 52 32 90 55 37 27 63 12 55 65 36 58 71 3 89 57 68 76 51 86 51 44 97 81 6 100 67 28 81 77 56 86 67 90 75 46 27 88 73 30 49 94 29 99 38 69 
87 81 79 33 80 44 45 97 23 87 56 33 87 49 18 46 16 69 89 34 84 83 100 98 63 40 27 59 73 83 39 13 33 58 90 32 58 18 41 29 60 4 69 97 22 49 77 1 89 96 65 19 3 73 52 54 57 34 26 27 4 19 85 63 47 18 58 42 62 3 88 15 62 39 82 66 40 7 6 22 5 57 24 63 61 37 71 25 65 36 16 36 80 35 63 50 55 89 85 76 
10 75 81 93 76 54 69 91 45 16 15 77 47 73 31 98 21 98 34 98 97 91 40 45 10 49 37 60 90 91 83 35 28 68 22 53 64 60 32 45 66 85 4 24 75 5 4 17 8 41 56 51 1 61 74 100 38 72 44 46 47 34 86 82 83 49 48 58 100 30 53 58 87 12 93 67 26 74 7 23 36 53 21 30 65 91 84 36 62 29 60 11 8 51 49 78 33 65 11 58 
14 66 88 50 61 71 82 85 87 25 74 57 46 49 86 19 46 55 37 28 11 53 43 19 58 4 8 78 25 37 22 47 52 31 14 24 7 2 90 45 87 81 28 67 82 23 52 30 42 66 77 77 66 89 21 51 69 60 79 24 85 24 55 32 72 67 67 3 89 82 75 77 33 56 92 44 3 15 41 64 86 9 13 95 97 47 90 28 78 21 27 4 53 86 99 3 2 91 72 3 
59 83 70 98 3 43 74 10 18 64 57 42 89 76 42 69 51 63 77 97 52 56 92 57 48 88 74 73 14 64 15 40 69 46 56 60 70 100 100 86 80 64 28 91 62 82 30 82 14 48 57 28 96 25 69 36 11 64 56 14 37 48 35 35 18 2 2 19 27 14 45 24 15 69 99 83 31 87 72 32 68 15 74 49 52 13 43 100 29 57 9 11 81 87 26 50 41 21 96 75 
22 45 73 63 92 53 66 100 57 78 98 36 47 78 9 79 8 69 12 25 78 61 80 91 45 31 25 94 38 34 96 38 35 68 97 2 86 24 21 31 75 19 45 9 74 97 31 75 28 24 74 29 85 90 100 1 30 31 44 67 49 76 60 2 81 9 71 33 22 45 34 100 55 24 70 66 79 8 31 83 60 94 94 79 99 20 2 14 86 87 18 42 25 1 15 80 67 89 88 78 
76 22 72 63 100 30 72 1 48 49 22 41 61 28 23 42 51 16 50 37 6 2 72 84 80 22 47 12 4 1 97 82 45 7 82 23 10 44 86 43 4 11 37 38 5 98 7 98 6 49 81 49 28 39 91 91 69 3 57 26 3 79 21 87 85 48 83 94 84 31 96 9 92 34 55 66 76 12 50 81 52 61 99 82 80 29 78 12 92 41 55 44 67 25 34 85 36 97 53 3 
51 46 53 14 45 68 90 36 89 15 83 3 92 99 7 52 2 67 14 39 19 91 34 33 7 2 10 22 70 78 60 32 4 22 60 49 81 76 14 89 36 29 31 79 96 59 35 86 45 17 59 29 92 59 8 82 21 38 53 4 73 12 38 65 65 93 20 34 52 99 44 7 93 100 95 58 34 10 41 74 62 60 88 19 66 63 48 51 7 72 21 60 42 6 85 77 11 73 60 80 
89 13 6 5 21 20 79 79 37 93 71 38 47 71 20 42 38 64 24 40 51 55 42 80 32 43 28 50 61 79 99 82 74 51 8 14 19 5 91 96 83 33 4 56 83 82 33 52 13 82 36 83 6 5 22 81 87 4 62 59 45 71 56 80 50 40 27 34 17 67 74 23 60 33 67 20 65 79 28 51 77 97 9 18 58 48 53 45 20 24 65 77 14 29 56 47 83 94 68 29 
74 27 69 33 95 38 19 53 90 61 100 36 73 43 65 100 20 31 53 99 39 40 68 41 74 95 13 27 45 56 67 50 50 9 91 21 21 100 78 12 67 83 25 49 66 55 87 93 13 74 3 90 29 65 55 22 9 95 19 26 46 21 34 82 99 65 83 75 67 52 25 75 77 28 60 43 55 69 40 77 8 47 55 27 23 35 27 91 27 14 69 41 52 62 61 100 100 43 37 28 
76 6 89 19 15 41 59 15 73 100 34 49 10 32 52 18 6 54 6 29 10 81 29 48 75 8 70 65 100 27 83 6 47 44 20 84 82 84 13 59 100 74 69 74 97 86 53 2 13 51 86 64 8 39 86 80 18 3 60 6 26 79 84 91 32 83 5 40 85 6 69 5 73 51 29 7 48 32 18 40 81 86 53 29 51 5 4 61 30 97 99 98 12 17 61 2 8 56 70 40 
29 7 98 48 44 38 89 16 27 62 91 99 44 56 49 51 47 79 63 34 1 92 27 89 1 50 46 45 38 71 3 1 96 13 75 97 99 32 6 7 98 35 3 11 18 74 52 46 30 4 11 30 34 45 41 74 71 82 32 38 40 53 63 8 54 8 51 34 23 76 64 47 84 68 61 85 19 43 83 52 71 3 12 28 81 34 87 86 24 64 58 75 9 23 84 58 28 29 58 70 
37 36 3 8 76 97 88 7 8 56 14 56 5 47 11 15 17 96 27 94 54 65 39 7 96 51 7 1 5 42 41 60 44 64 63 50 64 3 8 61 12 9 73 2 53 48 71 2 35 37 63 57 33 81 3 2 7 10 12 59 59 34 52 77 100 72 75 68 49 79 85 62 10 39 78 53 92 17 43 32 43 37 41 48 20 28 31 16 24 87 98 30 7 9 5 98 64 71 73 47 
20 71 48 18 10 51 20 52 48 36 28 1 58 18 38 54 99 88 77 56 20 23 76 11 65 85 22 40 97 74 60 10 60 42 16 80 95 17 48 50 4 42 43 73 38 59 55 75 15 43 61 35 68 82 38 80 47 4 99 50 21 79 64 8 54 53 57 25 65 20 80 87 66 38 91 13 61 42 12 4 95 1 93 65 60 75 31 31 41 41 72 1 1 8 95 55 47 47 21 20 
59 74 85 99 53 67 41 12 87 97 88 18 30 60 76 43 43 36 3 57 75 29 17 13 97 87 45 45 14 60 95 90 41 22 5 22 13 4 21 58 12 34 58 87 64 5 9 22 68 98 12 18 19 55 23 26 45 97 66 10 47 79 11 100 93 10 70 76 48 1 37 72 72 58 11 4 66 34 26 71 91 29 19 14 22 86 19 52 48 77 23 54 60 79 36 13 60 53 10 62 
74 83 88 55 91 96 7 87 6 61 2 22 4 18 42 43 46 29 17 96 41 49 44 58 1 74 55 78 28 86 5 40 79 77 61 58 41 80 62 76 53 42 59 9 50 14 59 87 83 22 69 96 60 1 12 39 25 48 74 67 67 29 20 97 76 16 69 33 42 45 74 90 97 93 91 67 64 63 52 14 28 72 76 36 58 59 97 27 65 77 5 45 15 84 49 38 34 43 42 32 
7 69 37 86 52 76 55 44 63 16 24 35 63 23 28 67 75 13 98 90 20 67 79 89 62 73 45 30 73 20 16 15 73 66 38 9 69 11 46 91 14 95 4 69 2 15 59 51 33 29 7 11 2 14 33 30 100 13 75 62 9 65 8 45 32 35 16 46 34 15 16 22 78 27 69 33 71 26 95 97 66 73 70 9 24 73 9 96 43 51 65 54 14 82 66 54 25 49 58 32 
61 26 42 29 75 40 41 34 29 94 64 70 60 100 27 92 71 30 94 72 64 93 84 18 29 6 42 23 34 32 47 86 13 61 75 71 37 11 87 80 37 5 59 92 1 74 3 4 12 49 68 3 51 54 47 2 26 87 43 24 49 55 5 87 11 15 10 40 51 86 37 77 77 10 28 89 46 51 63 36 37 26 29 12 70 34 6 56 78 67 43 76 100 3 34 31 49 31 94 36 
63 74 24 63 87 37 100 58 1 72 5 66 35 70 12 10 25 16 76 14 79 19 52 43 35 5 52 29 80 24 53 90 88 1 4 54 87 86 43 10 24 92 54 20 54 60 33 95 33 47 97 9 46 100 51 86 25 31 38 35 31 78 99 55 81 3 70 34 89 7 95 58 90 84 92 44 1 61 40 48 41 100 4 21 99 90 89 9 42 14 63 54 50 89 3 9 79 96 77 27 
17 83 60 27 95 61 58 46 67 76 31 5 86 74 70 42 30 17 4 53 100 83 59 6 40 89 10 39 14 97 13 21 95 75 10 26 23 66 34 47 59 76 34 33 94 86 69 80 15 54 93 57 82 63 90 1 32 78 21 36 10 94 93 34 37 90 70 13 4 45 1 61 33 75 45 3 92 16 98 60 44 94 62 39 67 52 47 22 65 36 27 33 74 68 100 52 77 42 88 41 
33 25 37 66 7 84 83 83 13 33 65 8 73 33 37 97 3 11 57 100 52 25 72 78 31 43 53 85 19 13 24 37 27 47 87 30 67 25 45 67 55 28 16 30 25 22 11 23 15 22 38 56 30 9 28 82 35 48 92 32 79 27 100 42 93 25 41 11 75 75 99 53 98 86 68 53 97 28 91 9 38 41 59 39 90 50 59 64 79 91 25 86 94 32 60 20 78 93 62 78 
8 72 38 4 75 52 25 17 62 45 48 99 35 22 88 67 50 2 98 55 88 83 26 55 26 21 98 68 29 91 34 86 4 6 34 33 42 100 29 44 7 19 91 63 43 78 44 83 8 76 14 35 87 25 11 54 77 13 31 19 37 22 89 38 59 5 56 22 51 37 92 89 91 13 42 60 26 19 99 47 85 63 65 89 71 59 31 77 81 64 76 70 30 51 1 82 56 39 44 9 
40 32 53 56 90 54 18 17 89 51 12 19 50 86 11 11 3 90 66 100 89 22 49 31 1 9 64 10 63 20 83 88 35 11 50 19 43 38 57 32 90 21 94 2 2 96 24 22 55 42 85 47 67 32 9 56 27 20 55 5 49 36 27 60 4 31 18 52 90 45 18 59 62 12 3 30 9 55 45 69 13 71 30 68 61 29 54 31 34 86 58 87 100 38 17 8 4 66 96 30 
34 32 4 18 29 72 69 57 92 57 18 70 67 56 68 30 90 93 1 31 80 92 25 58 94 34 16 80 6 41 42 100 54 38 37 54 58 69 94 60 86 37 84 55 8 79 21 7 10 14 43 51 64 16 61 16 42 20 49 17 88 76 67 37 16 19 58 52 40 18 100 77 99 55 30 46 53 92 26 72 19 2 41 13 28 15 51 24 58 73 46 55 11 35 56 95 33 57 42 37 
61 29 84 41 77 89 35 44 85 30 98 99 58 29 23 23 12 8 74 49 98 53 47 11 20 3 25 66 45 39 83 32 38 3 81 29 57 20 24 73 99 3 43 29 38 51 30 75 41 44 54 63 92 61 95 64 86 93 1 54 65 28 81 18 61 33 74 16 18 61 16 81 60 28 47 12 98 28 65 45 4 22 50 44 54 14 77 89 96 21 24 58 83 98 51 76 32 73 32 4 
53 58 49 79 49 97 24 76 33 5 82 89 25 85 95 47 16 73 46 33 8 69 28 87 81 71 8 24 28 79 45 71 24 51 77 65 82 23 95 43 13 32 58 96 60 29 63 43 25 9 89 68 91 16 24 35 84 68 52 78 22 40 85 95 63 8 3 28 61 69 49 62 6 21 26 17 51 36 53 95 28 46 99 3 89 48 16 74 29 83 77 4 36 1 30 4 13 66 70 7 
43 5 20 61 98 75 38 15 52 71 46 25 16 56 16 70 38 64 81 73 28 6 99 42 96 44 63 25 100 28 16 48 11 65 7 59 77 69 64 76 31 72 28 88 10 45 69 24 14 84 63 66 20 89 35 41 27 71 58 34 79 80 6 3 4 86 51 48 70 10 4 95 60 9 11 6 44 82 99 11 4 25 78 11 1 52 12 30 31 60 36 39 46 79 24 11 4 88 88 100 
73 18 24 24 66 99 54 47 85 50 25 12 75 77 22 39 98 26 63 16 88 47 88 83 80 75 82 27 3 68 91 74 13 86 87 77 19 41 37 67 59 10 23 96 57 19 59 52 87 39 14 17 18 91 87 26 49 16 92 52 63 48 79 80 2 54 9 62 16 61 96 86 18 41 98 78 53 4 22 37 46 100 66 77 51 93 39 21 32 8 95 35 44 64 62 90 21 61 76 68 
15 98 38 63 45 2 91 51 56 85 53 95 88 44 37 45 2 40 14 21 37 1 22 66 29 30 38 53 64 72 5 34 89 50 51 21 44 36 28 71 29 3 24 24 2 90 25 76 33 63 25 89 38 44 45 99 80 39 75 7 82 48 100 17 36 32 83 33 83 29 49 57 96 25 57 56 63 73 80 78 98 60 64 83 91 18 44 100 44 83 61 41 5 33 8 34 93 45 9 30 
23 36 95 1 75 23 22 28 43 99 1 92 8 13 12 11 2 94 88 79 34 5 52 52 73 74 99 92 7 54 91 99 93 98 78 66 27 55 85 49 6 19 12 92 15 59 84 37 52 11 1 74 68 63 40 35 40 56 98 82 19 90 85 32 5 44 40 46 36 52 51 77 22 35 41 26 68 50 38 23 7 60 66 100 19 20 64 100 79 46 38 69 41 17 37 48 30 14 71 2 
7 93 34 8 98 8 62 24 12 90 71 27 50 24 41 23 93 9 32 60 91 23 12 77 3 72 76 71 11 74 25 7 79 31 61 38 38 39 25 89 75 61 30 35 4 2 81 11 35 95 29 19 88 3 16 16 11 3 21 61 69 27 13 95 71 97 55 39 74 43 99 56 81 78 47 36 40 15 6 89 44 88 59 70 3 20 81 56 54 43 91 49 35 1 13 32 18 12 91 58 
58 75 25 62 86 20 34 92 38 46 10 6 15 51 68 36 82 49 67 40 96 52 3 44 2 78 91 73 22 58 38 44 59 84 81 7 9 16 40 40 49 53 99 71 26 67 68 39 56 25 36 58 2 79 50 84 20 10 30 75 72 50 20 73 85 62 4 7 63 9 64 30 36 52 35 91 82 9 43 75 38 81 63 34 80 25 6 62 79 66 88 98 95 82 91 36 69 39 45 72 
47 98 3 99 76 39 64 57 40 19 43 33 27 87 1 24 37 18 7 86 3 66 19 44 44 84 14 5 40 54 20 50 64 3 82 59 87 67 2 53 90 87 11 59 83 72 61 20 58 37 84 89 33 100 52 82 73 46 61 87 8 54 99 97 24 88 68 81 81 89 39 30 92 75 83 68 43 36 29 48 77 28 18 81 40 87 52 58 44 68 6 84 32 17 18 90 77 13 100 63 
37 62 93 17 41 64 9 66 88 63 25 61 57 61 27 25 66 70 16 81 99 38 13 78 100 36 31 78 43 65 46 97 71 74 61 43 95 86 6 28 20 62 63 83 87 63 19 28 57 46 5 59 54 7 31 98 90 99 80 46 93 53 54 68 89 19 68 73 62 2 5 4 99 36 14 17 15 68 55 49 50 46 98 73 51 11 47 15 13 41 13 9 97 24 42 31 91 85 47 42 
6 80 52 19 43 65 82 36 5 50 80 62 24 96 83 34 31 93 53 58 49 20 60 3 14 27 68 3 7 82 6 43 56 70 78 47 94 32 57 31 24 38 12 5 49 30 73 16 56 67 54 62 4 1 65 81 30 48 11 26 85 60 43 14 53 80 4 80 70 4 100 94 87 88 84 44 29 18 56 98 38 5 52 64 53 77 29 65 95 2 9 79 88 11 12 83 80 71 28 5 
15 20 82 30 2 25 52 84 61 17 2 74 22 54 84 51 76 35 37 15 94 55 43 48 95 64 14 87 49 1 43 57 74 6 82 32 77 82 74 22 10 42 36 58 80 92 57 74 59 12 46 38 91 36 86 85 25 86 74 6 89 57 74 99 48 19 14 20 44 59 5 66 5 65 78 29 29 4 76 34 47 16 5 50 89 73 59 2 73 86 90 62 60 61 54 11 80 6 18 69 
76 47 12 49 93 91 72 31 9 17 74 40 35 10 37 100 11 35 73 58 13 31 39 69 73 83 97 34 20 91 71 28 78 66 87 92 70 8 80 42 31 87 77 77 99 18 32 91 57 46 25 92 54 10 88 84 51 100 7 81 46 17 70 47 46 22 56 56 95 32 81 95 56 49 30 8 68 32 6 55 35 52 100 37 37 10 40 45 2 76 41 21 97 38 79 1 96 30 77 86 
9 23 100 28 9 91 95 1 23 37 90 40 55 94 85 22 77 90 36 1 91 45 63 93 58 47 64 66 66 3 73 99 59 66 96 70 73 85 32 89 41 59 93 32 65 41 8 44 59 22 77 65 27 33 87 18 35 22 11 57 87 96 60 19 48 25 25 7 33 26 56 32 62 57 10 70 27 8 1 97 7 45 17 52 37 36 33 85 66 73 75 45 70 54 88 7 29 21 76 44 
59 50 73 37 100 37 93 53 44 49 50 13 43 49 29 90 17 31 4 47 54 64 15 100 23 98 14 39 40 10 30 95 77 50 82 36 66 83 80 30 68 1 49 28 29 69 66 98 38 96 29 92 94 73 81 73 69 82 93 78 61 32 96 57 20 68 74 56 21 10 69 9 58 7 75 100 91 12 51 79 35 45 85 12 70 55 17 19 62 16 60 56 42 100 75 27 2 43 14 60 
9 16 89 14 45 67 92 21 6 10 97 14 10 57 100 35 3 42 44 11 51 19 65 27 92 62 37 99 46 81 20 31 100 12 51 49 44 7 30 68 48 38 72 97 72 4 86 9 4 89 39 94 77 99 52 61 34 29 65 37 22 68 62 99 32 26 54 66 50 98 40 46 86 75 39 74 26 21 16 50 80 90 42 42 52 30 36 41 18 17 12 78 85 71 98 8 71 49 98 58 
83 24 79 25 87 31 18 9 84 37 97 21 69 47 30 31 64 10 23 95 81 36 18 44 34 40 45 18 62 100 87 43 66 72 79 85 77 4 66 65 1 12 36 34 55 15 28 1 20 50 56 91 94 90 90 2 34 22 93 86 95 34 53 84 89 18 19 46 81 52 98 4 21 83 77 100 38 43 96 22 40 14 25 48 51 50 69 29 96 95 39 19 55 78 73 45 73 49 62 8 
40 83 30 27 38 46 70 4 3 15 42 36 79 52 73 9 77 35 31 88 94 100 36 29 43 12 73 53 62 60 4 100 24 78 41 3 57 29 26 98 94 32 91 83 86 9 40 9 63 16 96 42 59 24 31 57 97 82 97 24 40 67 70 95 90 50 54 95 98 73 62 81 51 35 12 100 85 16 29 7 76 89 94 53 99 34 35 25 1 58 21 16 56 25 64 36 56 25 60 84 
99 48 21 19 45 72 72 51 92 78 100 26 86 18 78 92 65 37 8 66 23 45 28 88 12 45 98 24 42 17 15 98 14 29 58 63 36 45 45 75 77 90 21 84 77 87 39 87 26 88 55 29 2 22 44 89 68 69 65 61 25 9 44 44 18 72 10 65 43 80 51 36 35 63 73 14 57 21 59 83 82 29 74 22 44 56 24 19 85 9 23 27 52 96 36 26 39 39 55 5 
90 78 98 3 61 95 69 24 35 83 94 52 44 39 55 71 1 84 89 45 78 83 34 58 33 65 8 62 40 24 52 81 5 18 37 78 10 64 67 86 12 72 56 67 92 95 18 23 51 29 10 12 65 89 84 68 14 31 44 77 30 34 22 25 75 41 30 2 1 16 5 46 46 16 53 74 16 34 55 88 32 22 100 10 11 31 98 57 26 61 84 70 15 42 3 21 71 6 93 67 
1 60 23 82 55 9 54 99 93 3 29 62 89 99 10 72 58 82 42 73 6 36 57 85 66 41 35 60 70 93 31 25 41 61 23 86 97 3 6 79 55 26 85 95 32 57 74 64 53 71 65 3 39 69 24 23 95 79 27 90 26 16 73 29 87 43 50 17 57 23 8 63 68 50 10 56 35 68 98 81 81 87 11 15 79 94 80 65 51 1 42 32 69 97 97 77 46 50 1 67 
56 25 85 21 30 49 76 91 25 57 93 62 43 40 4 29 10 58 44 74 61 59 87 89 56 11 28 2 48 86 3 46 84 38 62 65 98 84 14 88 63 98 48 5 51 52 39 15 84 15 33 56 23 21 60 39 46 37 19 59 21 23 41 94 58 73 3 33 81 60 57 84 71 25 19 70 12 13 97 66 55 28 3 98 79 80 88 31 83 45 14 86 59 65 49 43 36 63 35 98 
12 34 13 81 92 43 58 62 95 75 27 4 53 36 49 20 76 88 72 27 29 27 92 86 19 11 2 92 92 53 16 82 30 9 64 28 68 7 66 76 97 11 66 99 52 53 97 10 23 85 5 57 74 54 60 28 94 32 74 60 5 23 33 90 30 39 69 13 86 70 39 33 93 71 50 26 8 28 69 97 18 76 82 78 20 23 50 1 17 83 86 36 14 78 14 73 95 21 60 20 
6 65 56 45 79 59 32 57 32 12 52 71 95 95 65 90 4 83 51 15 69 66 28 73 28 15 45 91 49 38 44 22 18 34 47 48 9 91 85 100 59 78 36 46 64 52 14 27 30 94 68 83 65 30 15 56 75 40 13 6 45 6 10 67 28 83 12 5 53 68 8 79 84 67 83 79 43 27 46 72 20 53 11 21 48 29 52 57 87 17 26 95 3 78 4 16 37 86 6 72 
38 94 50 28 37 29 80 79 67 24 14 61 25 22 48 67 4 12 68 61 51 6 12 66 45 38 15 45 62 30 69 58 42 15 21 35 91 50 45 98 51 49 1 28 42 49 95 58 28 47 10 72 36 64 43 39 84 17 92 64 97 41 77 94 82 11 89 89 90 36 63 53 73 5 29 62 53 48 30 89 21 94 83 24 44 23 60 65 15 35 8 40 74 47 24 83 44 13 10 64 
78 84 38 40 43 77 30 37 34 88 100 52 46 64 20 41 32 69 93 96 75 80 98 54 16 55 86 17 32 83 31 96 25 37 98 92 70 81 4 97 64 8 64 19 79 83 1 57 32 31 89 15 4 64 13 38 25 65 66 3 26 85 65 51 26 81 20 30 44 28 12 60 68 30 26 69 32 72 81 64 90 79 48 7 36 46 56 76 81 97 64 94 47 41 87 73 55 39 80 56 
26 92 35 10 55 31 15 96 74 22 17 22 70 100 20 59 36 34 100 24 43 61 23 51 62 38 25 51 78 87 80 87 97 20 51 18 90 17 55 64 83 17 79 48 35 3 84 68 76 95 86 2 90 78 66 24 97 27 84 21 99 94 53 51 11 55 49 68 49 59 93 22 76 90 47 41 69 94 5 85 80 79 62 23 94 30 41 92 50 99 32 12 20 10 79 10 24 6 91 64 
47 59 51 23 98 34 45 23 23 19 13 41 37 16 48 12 66 57 27 20 70 88 80 26 43 29 29 4 30 47 51 31 69 91 67 87 16 57 20 1 15 99 33 94 4 84 89 61 54 39 57 93 52 59 79 66 65 26 75 77 84 81 4 93 55 32 13 6 47 15 24 61 88 73 63 1 4 19 71 6 74 55 43 20 56 80 81 81 72 83 5 43 54 14 82 5 47 36 91 74 
