100 100
100 65 53 99 5 60 98 59 3 97 8 100 28 84 34 7 7 61 20 98 91 24 14 32 87 23 74 37 66 46 50 68 11 62 60 40 34 46 4 27 96 1 46 4 36 81 47 73 46 1 78 38 96 74 21 39 1 94 52 84 27 64 34 94 37 8 64 43 73 90 53 8 94 75 32 21 32 61 35 85 51 1 29 84 22 96 70 76 93 69 12 28 87 9 3 7 74 7 41 36 
4 17 21 16 12 5 47 99 29 5 4 65 4 50 35 98 31 44 51 68 19 56 41 64 58 16 66 39 60 18 99 71 46 20 6 45 72 7 75 1 93 53 83 68 90 82 24 13 11 38 23 99 58 56 26 95 24 26 37 98 63 31 23 16 32 98 6 23 61 83 8 87 12 49 51 93 75 28 69 96 41 24 19 33 38 18 38 44 26 24 31 50 43 9 61 24 10 5 82 20 
65 58 83 35 17 48 91 50 82 35 70 54 26 94 55 42 89 11 4 77 100 80 7 5 52 30 58 15 93 46 60 33 22 26 60 83 87 67 33 12 82 42 74 15 13 54 47 59 59 78 1 55 64 81 67 17 74 27 98 65 89 43 75 10 13 44 9 77 2 90 34 53 19 76 73 81 44 50 100 70 73 86 53 26 52 51 4 16 87 51 40 9 27 5 90 62 82 17 61 14 
82 87 36 43 100 58 83 31 42 14 42 86 97 67 65 27 79 87 42 58 38 84 75 63 38 37 60 77 67 92 77 4 1 33 51 22 7 4 79 79 38 66 53 59 31 42 41 58 66 60 27 58 53 6 72 79 39 91 77 58 99 83 51 26 100 56 24 9 75 85 11 54 1 39 77 13 97 14 97 74 77 22 81 25 84 16 72 86 68 82 67 87 79 54 2 82 10 90 55 85 
16 9 83 54 26 64 91 100 12 3 95 70 28 93 44 58 55 94 50 97 58 53 88 29 88 28 74 99 59 88 64 43 87 75 95 1 54 43 94 11 25 78 26 67 2 91 100 62 65 58 78 41 37 98 64 51 10 5 82 5 87 33 28 54 67 88 7 32 88 19 92 90 35 26 52 43 80 39 39 36 78 13 5 63 1 3 32 55 37 44 34 70 51 9 79 92 2 44 49 10 
41 64 30 29 8 1 33 52 64 71 47 7 93 69 28 18 26 6 58 13 29 7 81 87 78 60 88 77 98 15 48 76 30 80 2 48 71 45 2 69 56 25 94 7 78 2 6 62 95 66 66 90 89 42 91 4 39 20 62 56 84 72 3 27 74 85 48 11 98 14 10 11 42 22 23 36 65 63 20 97 75 13 77 53 3 12 68 13 82 21 65 75 7 43 54 77 34 45 34 56 
24 35 74 5 22 63 55 72 64 55 22 55 40 30 57 69 78 65 88 45 64 40 41 41 10 54 8 71 63 87 63 26 86 95 8 45 43 90 38 81 19 71 56 71 95 32 12 23 83 90 97 37 76 98 71 42 78 58 49 96 49 37 89 83 18 35 37 33 17 91 10 18 69 4 48 88 99 22 82 66 24 66 82 68 46 96 13 42 9 82 5 98 52 66 90 100 21 18 98 50 
1 27 55 34 48 12 67 15 42 17 18 87 31 89 25 100 3 16 39 81 64 72 26 32 83 12 70 21 87 48 78 34 74 42 63 53 82 92 22 84 5 97 91 39 99 54 27 72 7 12 62 22 62 35 30 99 72 97 96 19 53 58 4 58 87 58 62 19 91 46 87 3 42 81 51 22 17 62 58 10 21 32 35 64 40 99 74 1 99 38 48 79 75 66 14 15 43 90 52 35 
17 97 50 47 23 27 16 92 72 69 99 35 39 2 75 68 19 55 33 50 82 85 58 13 32 39 61 62 62 83 78 68 65 2 88 18 53 33 84 68 73 9 3 72 85 14 1 29 7 62 71 26 71 49 66 51 73 91 92 52 31 37 50 46 84 79 81 28 26 57 24 11 61 40 28 8 19 21 37 32 7 79 56 82 48 8 20 86 28 36 94 49 6 21 91 35 63 79 80 29 
5 98 36 42 81 69 55 51 4 82 1 22 11 75 77 25 38 84 97 23 14 51 35 24 2 13 18 62 67 90 5 34 42 53 78 72 82 69 16 39 27 10 89 3 87 87 55 93 1 50 71 94 26 39 90 5 30 10 33 85 6 75 45 24 43 53 43 95 32 66 33 3 81 45 78 64 33 24 19 84 55 87 47 54 96 7 76 90 74 28 64 75 24 58 63 48 67 20 66 29 
23 71 72 1 26 69 90 18 44 4 92 41 72 80 33 58 4 84 86 49 58 14 69 47 79 53 59 83 74 45 14 30 26 34 25 6 43 20 88 52 47 42 43 67 46 12 15 74 39 98 62 8 25 59 1 93 40 29 30 68 35 11 62 48 11 89 95 37 76 34 19 7 21 78 90 41 97 10 92 67 54 31 82 55 20 89 96 68 4 10 16 27 95 44 1 64 97 59 80 36 
40 11 28 53 80 24 90 23 72 19 70 42 67 84 27 81 84 11 26 12 76 96 84 76 77 18 23 46 28 55 60 3 2 24 85 17 39 100 84 77 18 42 69 16 40 99 87 81 56 12 94 30 79 99 72 52 2 35 41 95 83 76 18 22 47 31 63 92 25 2 55 47 22 24 84 98 74 97 53 6 48 67 26 68 89 43 70 49 21 19 69 50 25 1 63 79 18 74 58 99 
65 21 73 5 14 8 39 84 28 36 34 41 86 32 83 52 71 14 98 100 6 78 85 29 41 40 4 55 73 69 32 43 1 46 96 21 27 3 59 6 88 52 48 69 27 58 95 48 89 78 78 8 52 48 84 89 50 56 46 28 1 46 72 47 63 7 61 56 94 58 69 44 48 50 49 55 42 72 23 97 16 58 3 71 35 1 10 13 25 36 92 78 3 7 25 73 39 10 41 12 
43 92 97 87 65 22 18 96 71 61 44 60 78 31 13 22 67 76 51 20 99 70 83 46 20 68 10 22 47 86 41 48 54 31 89 76 56 19 88 73 98 16 79 14 99 78 26 75 70 24 96 13 19 22 28 81 73 86 8 14 64 99 22 21 95 73 20 81 97 57 60 99 77 29 80 40 92 16 81 16 85 7 8 95 9 87 76 20 9 52 33 91 5 62 87 7 97 88 14 76 
82 65 73 71 71 17 38 9 91 28 30 55 69 16 86 41 75 90 80 25 93 8 62 90 76 40 98 84 72 36 43 22 99 33 49 73 29 25 67 28 92 29 58 67 18 85 64 18 62 50 80 85 88 1 72 8 40 49 22 53 43 15 86 45 74 98 62 35 35 46 46 68 69 43 57 10 73 73 97 35 66 93 4 13 38 22 62 2 85 81 99 15 100 81 40 30 64 22 16 39 
54 19 24 78 90 89 37 41 35 5 14 19 45 1 93 87 95 80 58 1 88 48 84 59 14 53 34 63 17 53 98 85 75 54 68 72 97 92 100 78 55 55 35 2 79 38 76 45 81 73 66 21 71 45 4 33 7 9 59 16 49 5 23 78 38 33 92 57 40 32 12 11 17 41 15 21 85 85 43 36 11 33 71 51 67 94 97 41 12 17 6 67 86 33 30 96 40 70 4 50 
29 53 79 12 47 99 8 67 1 38 84 67 66 76 9 97 49 9 11 45 54 89 31 38 18 100 49 33 25 5 70 38 1 74 82 61 85 79 31 93 42 17 7 21 92 13 55 100 3 43 48 75 9 47 24 86 82 10 86 85 6 52 44 89 48 60 89 14 13 87 24 64 97 48 19 42 15 100 91 49 86 3 83 5 24 67 51 30 56 85 40 6 91 64 55 4 80 91 56 50 
95 39 94 85 71 57 42 52 54 100 77 16 97 80 52 64 74 28 93 94 9 55 22 97 51 90 11 92 59 53 81 41 77 48 8 53 77 97 38 52 64 16 57 5 28 92 31 1 86 1 9 17 54 27 27 33 97 54 3 55 76 33 95 98 63 7 98 45 89 49 69 77 70 86 56 61 95 8 76 76 63 20 16 32 67 9 23 13 77 70 84 97 11 49 72 6 74 8 71 84 
87 2 15 29 44 12 88 34 68 38 31 59 69 96 41 96 83 14 26 29 30 14 97 11 73 31 86 69 44 29 29 17 27 39 46 67 95 83 51 96 26 89 14 63 60 43 60 61 46 70 12 7 96 20 64 82 81 98 22 78 45 16 91 62 64 57 97 69 82 9 35 42 99 10 73 8 9 71 95 32 52 80 19 46 8 83 59 93 8 27 13 78 88 38 66 19 35 45 34 69 
44 23 45 60 91 70 96 64 85 96 27 58 29 15 2 57 43 66 31 94 89 40 80 80 47 71 74 4 53 36 55 18 41 46 40 29 66 37 94 52 99 40 16 51 10 36 66 57 7 22 13 100 43 85 43 52 73 74 16 11 85 64 36 28 11 47 11 6 56 91 61 82 30 38 65 96 32 41 86 9 50 29 65 65 88 45 22 1 22 30 6 27 12 11 34 22 87 74 9 65 
78 24 29 55 85 54 80 84 91 83 34 16 55 47 37 27 19 35 51 64 48 71 29 77 26 93 94 41 78 8 68 77 51 44 24 6 3 73 37 4 40 53 41 30 68 98 85 55 49 62 93 73 99 12 12 14 25 56 72 52 41 98 8 25 78 42 6 85 67 28 89 33 7 6 88 100 54 80 78 80 32 18 69 98 80 97 69 85 34 61 78 5 1 26 75 41 43 99 61 88 
11 89 53 24 87 15 39 81 40 70 79 45 46 90 58 21 7 97 70 30 26 58 73 99 51 67 47 62 65 66 67 38 39 92 5 28 10 35 82 27 63 44 41 57 63 38 79 96 51 40 49 35 36 17 63 87 14 72 18 23 53 5 44 45 44 51 12 25 45 27 23 50 47 71 30 11 10 23 23 75 87 65 98 56 46 86 22 26 64 27 79 95 65 46 55 87 44 7 55 10 
89 6 13 35 32 62 22 8 87 90 3 94 47 40 56 49 78 49 83 92 29 25 72 4 99 73 43 66 45 65 95 87 33 44 17 54 15 82 29 1 39 30 12 5 19 94 59 35 40 64 45 99 86 21 54 17 1 35 44 95 37 10 20 37 29 28 17 19 18 41 78 70 81 10 26 78 73 20 15 96 64 41 100 16 51 53 75 3 41 5 88 22 54 63 25 23 41 34 73 3 
25 58 2 6 69 95 39 51 87 78 32 53 60 25 94 16 75 81 12 26 36 39 9 44 51 44 58 85 88 31 85 40 50 45 56 55 12 3 81 5 69 19 61 96 92 5 11 70 21 12 26 22 11 20 88 67 5 9 14 87 88 22 15 2 78 33 27 65 85 52 40 42 76 40 57 44 47 99 35 62 8 57 11 87 91 55 85 2 70 86 28 13 76 89 31 37 51 71 92 35 
77 21 6 88 54 80 62 57 14 98 77 51 16 47 86 49 26 96 88 28 17 15 65 88 95 10 40 43 71 92 9 29 36 68 33 80 78 93 98 35 15 58 93 43 53 95 92 10 26 47 59 80 28 54 13 3 16 12 25 44 48 3 32 75 59 12 44 47 22 70 61 2 56 79 82 27 40 81 57 86 91 7 24 89 83 44 53 4 56 4 30 96 80 51 3 57 48 64 32 16 
93 65 13 46 30 95 57 65 77 24 32 74 72 77 63 30 2 79 38 76 76 5 98 42 40 83 20 17 84 73 21 64 64 90 44 98 90 27 39 30 83 80 13 66 63 51 1 70 34 61 53 62 73 29 64 24 39 55 47 13 58 66 49 65 24 62 98 36 37 14 4 97 77 81 26 43 26 99 77 40 74 39 63 85 81 11 43 34 73 54 14 72 38 45 14 17 11 73 50 10 
25 25 24 1 19 4 20 13 23 89 38 73 70 98 61 59 29 57 89 92 33 20 12 32 28 53 87 88 5 67 17 57 84 41 89 46 18 33 28 57 7 9 1 27 69 43 12 94 62 40 80 26 95 95 52 27 83 4 80 36 30 48 37 18 100 43 26 95 95 47 57 35 87 76 39 8 93 80 57 33 100 4 12 92 97 49 77 57 9 87 86 51 57 24 85 4 72 12 74 65 
88 24 46 8 61 56 78 19 27 33 17 26 40 28 87 6 74 48 14 67 82 39 62 60 97 79 97 2 50 49 59 47 21 11 22 10 95 72 19 47 15 65 17 62 92 93 76 73 23 90 72 47 53 4 70 39 67 94 59 35 88 69 65 46 47 21 31 80 11 41 91 53 40 41 56 28 92 59 65 30 15 51 44 18 11 79 43 51 92 13 76 93 18 72 30 67 78 34 90 55 
7 36 97 65 5 36 35 12 69 70 30 7 25 24 91 39 14 20 99 68 53 76 6 89 48 2 95 64 76 5 7 21 36 29 60 48 63 31 70 77 41 35 3 10 47 71 21 79 9 84 55 82 52 18 90 4 94 91 24 30 34 76 81 90 66 58 57 74 18 23 69 37 8 60 9 59 12 13 49 53 80 87 87 77 92 45 9 65 57 59 10 63 16 54 55 36 86 22 37 13 
78 27 9 25 62 15 77 97 33 59 68 18 31 80 72 100 50 9 76 7 92 96 43 1 41 2 8 60 34 20 99 82 44 61 41 86 44 45 76 28 11 30 27 97 3 16 48 65 67 79 17 31 88 11 18 67 92 30 39 90 52 14 84 23 52 2 21 30 47 88 10 33 78 16 87 35 51 91 74 37 31 75 85 7 83 30 57 98 59 89 31 4 27 93 13 26 72 27 37 49 
49 77 47 32 2 31 49 13 10 53 13 100 30 22 29 23 20 19 13 8 82 23 1 72 11 25 68 24 47 55 25 43 11 20 10 2 58 49 75 10 65 28 36 50 79 10 27 12 5 72 78 12 1 83 61 70 25 45 6 78 33 45 30 72 14 59 28 60 92 96 100 48 47 12 18 14 40 36 87 24 64 6 71 49 20 61 70 18 23 87 97 48 72 26 94 12 10 49 15 71 
64 49 95 47 55 17 92 60 62 38 22 25 77 7 17 91 7 91 5 83 19 62 41 31 32 7 70 81 9 14 12 88 1 2 18 2 34 7 60 83 30 56 29 95 53 12 45 2 38 57 47 93 100 27 3 90 70 40 35 82 61 73 55 61 86 35 73 97 11 17 40 100 92 56 21 70 34 12 70 52 14 49 2 47 37 65 47 65 94 42 85 20 63 61 15 22 31 73 54 66 
29 89 33 100 97 33 56 82 7 76 51 55 84 64 82 59 86 60 56 79 48 40 79 26 23 32 90 70 85 19 42 59 52 37 45 85 20 51 61 58 72 48 10 3 84 41 90 33 2 100 64 49 50 60 81 18 23 98 12 17 27 82 15 32 97 94 73 22 52 3 66 2 47 10 76 93 15 73 43 70 5 38 41 89 25 52 76 100 95 54 85 54 64 56 2 20 36 51 92 5 
46 48 55 30 35 21 69 80 2 60 11 93 91 86 87 76 83 24 44 10 18 59 7 55 84 12 62 21 81 58 97 60 13 34 53 4 35 84 11 39 36 30 17 48 98 60 26 55 70 5 22 15 89 73 90 45 42 42 81 5 36 98 21 25 90 67 62 14 20 40 16 18 57 35 90 15 90 39 59 58 20 70 22 24 33 99 96 28 42 92 69 41 81 100 46 9 9 92 62 80 
71 82 28 80 99 56 7 11 68 74 54 64 99 13 46 13 13 55 90 65 56 80 11 75 10 76 5 96 54 8 79 53 69 9 26 66 76 84 50 40 70 24 5 32 84 64 58 58 21 22 61 1 55 13 6 27 99 88 96 55 34 24 55 51 54 59 15 4 11 28 49 49 93 50 34 87 75 35 25 11 62 70 17 36 11 36 89 36 39 60 91 67 29 21 86 91 58 81 31 26 
54 45 74 57 62 70 6 42 18 24 38 87 12 62 71 4 23 25 78 84 95 79 20 80 72 63 64 33 94 28 74 17 48 19 61 57 32 60 57 2 22 26 50 7 19 31 36 99 91 41 67 86 2 80 53 86 79 23 45 73 79 91 15 23 42 14 60 11 68 56 92 39 76 30 54 3 12 25 90 79 2 35 67 55 66 69 87 43 60 100 17 2 1 4 48 80 83 23 23 19 
8 61 3 99 88 7 10 40 41 48 9 18 28 28 79 23 31 74 92 87 23 80 43 23 38 30 98 51 50 55 34 88 39 37 52 79 79 46 85 14 17 57 60 78 21 86 94 6 98 45 4 95 21 81 7 64 68 81 58 5 4 78 9 44 36 55 71 43 57 69 71 3 78 43 71 76 26 94 5 44 61 48 96 96 45 18 39 94 1 29 16 73 43 52 19 53 28 79 71 2 
71 73 20 16 89 49 94 38 18 66 48 34 93 3 9 39 17 64 62 22 47 78 63 98 12 31 43 60 86 53 99 70 57 24 18 37 51 34 23 75 63 72 28 51 20 20 88 11 79 63 62 46 16 49 61 79 86 51 37 72 33 76 50 88 41 32 14 95 2 78 34 57 71 32 60 67 3 66 45 60 49 94 13 81 36 52 66 60 1 85 64 46 32 31 57 7 37 53 34 59 
49 46 67 23 46 29 80 25 74 25 31 68 57 26 33 78 81 39 36 14 7 3 38 50 94 34 54 35 15 40 50 43 61 80 89 94 83 33 65 42 49 80 12 33 76 11 42 92 70 78 39 75 1 21 46 31 47 58 45 30 62 46 43 8 13 49 92 11 25 5 100 99 82 89 57 49 14 14 7 25 96 47 95 7 24 75 15 52 78 48 22 83 90 10 58 80 97 29 65 94 
95 14 84 35 87 82 70 64 98 41 92 23 55 69 93 2 72 67 12 34 21 5 53 3 81 36 3 26 32 24 42 93 77 44 72 58 48 69 74 21 22 84 99 36 61 18 68 8 61 40 23 24 2 83 54 52 33 56 77 76 100 10 80 41 28 1 39 39 16 6 86 25 60 70 36 71 22 63 64 94 41 25 89 31 73 63 7 79 68 82 29 30 51 79 62 36 8 56 85 74 
69 83 50 39 41 32 51 72 59 40 79 17 12 24 88 7 57 83 98 21 67 1 40 13 67 11 58 36 70 70 77 45 62 1 55 71 62 74 30 96 38 64 30 31 16 36 29 94 9 15 71 20 82 47 40 12 3 98 99 84 30 69 77 2 23 9 44 5 100 6 65 60 69 19 14 45 41 79 11 40 44 56 79 90 20 11 71 28 60 27 43 1 8 27 5 1 82 93 5 5 
81 43 56 78 59 65 14 71 88 41 30 20 48 26 16 59 81 45 35 86 59 81 46 55 92 32 75 22 96 8 26 85 75 36 84 69 8 7 3 88 33 79 46 75 80 69 16 24 85 12 95 93 8 45 14 64 30 15 100 3 64 27 44 66 89 97 1 93 33 66 30 33 85 66 16 52 11 49 9 17 85 13 35 80 55 3 36 90 56 68 91 45 79 30 62 68 15 63 3 49 
42 97 17 92 43 50 48 94 93 16 58 11 50 26 86 45 32 33 22 3 82 83 99 10 52 43 7 85 9 20 80 20 84 16 99 2 75 99 81 86 31 9 67 12 97 75 61 26 45 94 26 22 63 53 61 93 39 61 96 44 75 69 31 78 58 80 18 55 89 72 47 27 71 45 35 32 61 10 5 17 39 14 92 54 67 37 43 11 82 5 78 3 31 27 32 79 9 53 55 63 
43 74 87 37 42 55 16 26 43 60 50 54 64 72 17 48 17 72 13 75 32 74 35 56 50 25 49 99 75 52 46 22 91 22 42 56 7 13 31 46 55 52 27 13 43 16 92 53 79 76 44 40 47 53 23 96 31 69 92 83 16 14 6 76 97 6 40 20 9 72 42 18 4 36 100 12 97 83 73 59 28 75 5 90 17 18 18 96 43 24 53 51 32 69 79 69 62 9 32 73 
44 61 28 33 59 64 67 46 25 34 67 97 68 7 92 84 48 53 98 30 89 44 100 17 87 93 58 55 91 1 42 28 55 78 14 77 72 63 98 6 78 33 48 46 1 74 73 67 17 42 97 2 27 78 47 86 13 82 15 43 21 54 23 52 73 52 4 19 24 80 85 53 50 42 75 21 27 10 11 41 20 21 41 55 42 17 22 57 88 89 84 37 78 29 76 46 30 93 90 31 
42 87 63 28 54 100 24 67 17 93 99 89 65 79 88 50 40 44 29 94 77 60 11 22 48 15 51 71 45 71 75 62 64 52 8 81 19 48 33 20 60 19 44 89 43 78 55 35 94 27 40 62 60 2 83 85 34 7 55 6 33 38 81 53 16 51 54 54 39 66 17 69 38 26 70 10 97 36 81 75 3 11 42 41 31 62 22 76 48 99 69 96 87 99 33 100 41 36 31 38 
49 12 57 19 26 11 55 69 62 28 89 48 34 82 26 13 23 75 59 74 80 61 87 65 11 89 58 47 93 3 79 94 10 73 2 18 70 5 100 37 59 57 54 10 90 27 33 67 19 88 21 34 15 76 82 60 98 38 25 25 50 6 23 61 2 70 87 84 100 33 2 3 87 6 16 55 44 67 67 93 40 81 98 68 94 59 59 24 74 57 93 83 80 23 97 5 5 5 98 64 
94 7 38 98 45 52 7 31 51 85 46 24 72 24 58 15 48 62 92 85 78 5 6 54 64 65 98 91 71 5 84 78 19 65 85 18 81 86 4 90 84 68 85 84 73 34 38 69 59 88 10 38 85 100 30 42 15 18 71 11 70 78 63 65 56 23 16 37 38 90 98 16 66 89 49 20 8 59 15 87 87 43 90 13 65 4 81 36 88 28 67 14 4 24 72 83 21 82 5 19 
51 90 21 66 83 100 31 59 17 96 97 34 82 70 49 53 26 49 22 5 31 77 65 97 15 77 22 27 79 97 31 66 32 88 72 85 5 93 94 57 33 40 57 45 45 23 80 48 54 60 8 59 81 8 97 51 77 39 22 42 20 49 66 16 89 70 54 35 29 14 8 9 54 98 31 99 4 4 76 39 52 41 37 94 33 97 12 78 2 25 91 35 37 15 74 35 40 59 18 8 
36 88 63 23 79 95 93 44 32 60 59 23 97 95 60 89 30 83 12 45 99 60 22 79 34 28 50 74 51 79 82 9 58 34 90 18 65 45 100 47 44 37 85 66 51 32 93 26 47 17 78 75 82 94 63 23 1 57 65 75 31 67 94 56 76 95 23 90 59 8 81 40 36 2 9 58 52 10 81 88 44 4 3 92 88 70 50 7 69 70 88 19 32 59 52 42 29 26 97 34 
78 55 70 87 96 23 78 12 43 46 68 17 18 23 29 13 9 87 79 25 27 99 64 84 68 76 74 94 77 14 59 97 63 34 68 18 96 68 21 22 46 39 87 19 91 93 77 82 33 34 61 13 49 81 8 27 43 50 93 6 55 56 48 28 30 18 91 1 39 83 26 67 32 64 64 53 44 8 34 51 93 75 60 2 42 15 44 90 79 61 93 10 94 68 85 74 33 65 70 27 
7 65 77 52 60 80 41 76 53 19 21 67 15 95 12 4 18 36 9 28 45 50 29 84 78 65 63 9 79 95 42 69 88 30 21 88 99 11 54 58 60 11 44 96 90 18 56 89 19 31 64 38 94 34 92 89 49 57 80 94 45 50 45 31 79 85 9 38 96 32 92 86 57 43 30 38 20 86 90 42 21 55 89 54 19 20 27 82 15 48 52 69 47 14 4 85 63 85 69 10 
81 83 69 78 89 36 9 19 9 94 15 29 57 58 7 89 74 39 96 65 52 2 26 25 3 87 92 48 32 11 74 85 18 52 83 78 24 38 5 11 29 21 91 25 39 36 81 5 79 3 98 83 7 100 81 64 21 55 38 94 2 92 24 42 3 62 87 9 66 62 61 16 41 21 56 91 40 88 43 43 32 9 88 96 75 65 37 54 71 44 75 100 9 89 36 69 63 67 36 62 
22 77 58 65 51 3 19 94 79 18 93 72 40 32 77 100 90 4 4 17 12 69 58 61 79 7 59 73 85 69 92 17 19 31 72 97 86 74 18 10 86 84 23 20 83 17 84 28 81 8 28 59 100 6 89 64 53 75 6 78 58 51 27 68 24 30 52 74 53 40 99 68 9 21 84 29 39 18 21 69 35 78 92 89 66 21 64 48 25 91 49 70 100 45 33 64 16 31 84 14 
29 77 75 66 63 69 86 47 56 81 61 56 82 80 80 71 26 20 19 23 81 71 35 75 24 89 82 40 70 100 100 18 30 16 66 56 99 15 2 76 50 76 25 95 62 95 76 62 48 64 26 36 97 13 22 9 89 80 24 5 75 11 3 12 18 19 9 31 29 64 2 64 87 99 79 90 60 67 64 52 57 28 69 63 52 23 31 39 92 10 12 46 96 7 64 99 86 86 80 39 
96 90 77 3 58 46 29 40 75 85 90 28 61 14 83 7 68 23 40 86 17 89 3 24 99 78 96 94 97 21 65 26 62 86 49 23 67 59 59 85 44 57 28 89 79 34 42 51 63 49 32 83 10 3 39 20 64 19 81 6 84 47 24 19 89 65 82 39 82 7 38 92 64 87 69 53 7 96 34 50 95 57 16 76 70 48 42 62 25 83 63 53 40 94 47 61 21 89 31 62 
10 11 7 27 22 64 59 90 23 55 44 51 30 46 81 59 23 97 52 46 22 40 91 41 73 49 75 65 47 91 58 83 87 79 17 76 22 23 63 61 37 49 3 66 29 57 60 25 77 8 30 12 11 71 73 65 56 25 59 90 21 3 25 50 22 29 82 10 49 34 56 25 29 13 55 96 47 6 79 17 22 16 17 60 3 9 69 24 35 44 12 42 10 32 95 95 85 38 60 73 
1 4 23 1 13 97 67 57 25 35 28 25 60 3 33 23 58 64 7 59 27 62 74 12 82 18 63 92 76 13 14 17 21 65 59 24 30 93 13 6 44 5 51 94 26 42 53 94 25 22 65 61 71 93 49 91 53 60 15 91 14 9 19 80 12 52 8 82 27 63 98 72 39 74 62 87 97 77 59 84 98 54 65 81 32 22 36 40 69 50 73 73 22 99 78 58 79 46 17 55 
61 70 29 9 38 29 13 31 34 94 45 58 82 4 70 74 48 57 15 64 17 74 82 17 65 90 85 77 47 87 67 83 99 21 100 17 79 44 96 100 80 32 88 59 53 7 37 72 62 56 11 78 68 30 84 52 40 48 55 23 55 86 83 41 75 85 82 58 49 97 79 17 1 65 37 78 10 73 62 94 70 86 12 47 50 24 16 66 21 20 89 59 2 82 66 88 12 57 96 34 
8 46 41 31 88 94 10 23 32 15 93 52 6 88 92 61 41 77 54 58 12 16 42 6 93 61 36 5 47 36 84 10 99 32 27 53 37 81 53 83 25 53 20 49 37 48 24 33 26 8 21 91 27 70 76 92 45 24 10 33 81 4 26 1 62 92 57 89 58 24 29 100 90 49 28 81 48 21 78 24 23 90 3 40 83 84 69 53 98 14 83 17 95 91 29 72 37 48 11 5 
85 43 66 21 86 64 12 32 12 83 4 97 26 11 56 6 1 85 35 56 98 55 18 26 36 62 22 4 33 95 47 8 5 88 53 11 64 44 12 3 9 76 100 22 54 21 48 7 5 64 70 14 90 43 97 49 70 30 62 93 80 41 60 57 84 33 3 55 34 94 9 76 34 81 19 7 74 17 33 99 2 11 11 25 20 42 82 45 56 97 30 35 59 37 45 100 54 49 99 43 
16 2 44 13 71 78 47 72 91 73 50 83 86 100 26 30 92 37 97 86 59 44 48 90 46 15 38 12 90 19 24 54 54 77 39 31 93 60 63 15 58 25 63 65 27 12 32 3 3 45 76 32 62 58 5 46 45 6 67 71 80 37 80 24 59 41 52 62 72 71 81 63 11 54 93 57 22 50 36 49 50 80 82 24 41 97 70 66 90 30 76 94 90 45 84 21 20 97 2 68 
81 91 37 25 30 59 30 76 22 40 45 18 19 95 2 7 8 41 73 69 88 10 55 82 75 62 78 7 45 74 7 57 39 82 39 9 58 79 57 33 19 58 13 95 1 21 48 12 77 26 71 35 23 68 34 97 50 66 52 25 85 64 92 29 34 55 9 95 88 93 74 66 27 68 84 38 72 87 26 75 75 92 19 33 8 1 23 60 61 59 60 56 88 45 49 45 42 34 82 76 
1 25 89 83 14 62 38 44 14 1 51 4 59 96 63 38 1 72 30 87 95 93 89 52 57 95 27 81 2 45 33 15 76 14 52 58 74 25 90 43 20 95 22 18 52 14 42 10 1 83 96 1 9 87 94 41 27 48 72 35 48 22 24 87 82 60 68 26 97 65 68 71 30 10 40 98 22 57 11 29 17 53 24 39 1 99 35 87 32 13 33 78 64 25 93 89 41 34 94 38 
54 6 94 84 15 96 96 37 14 70 5 2 99 4 79 62 33 36 23 7 47 21 93 8 83 7 94 28 20 83 6 3 27 20 59 82 33 28 83 7 46 91 26 59 66 87 98 88 74 62 93 43 67 7 26 21 69 11 12 93 6 71 67 41 53 50 71 65 59 60 77 93 100 68 41 96 5 13 99 6 66 90 18 5 33 92 32 15 11 73 16 8 88 31 60 68 66 76 6 14 
99 93 24 86 50 92 62 8 57 54 44 39 32 1 77 94 89 31 94 18 31 13 49 27 57 30 28 45 74 52 63 75 6 51 99 85 28 53 25 96 55 22 28 58 30 44 61 94 2 60 75 44 58 51 2 93 59 74 30 11 51 66 22 88 12 92 90 42 83 36 6 100 44 2 46 52 29 75 98 98 95 53 98 40 96 15 20 24 8 84 57 35 19 6 55 96 21 26 31 31 
94 70 65 30 61 24 30 42 8 47 11 29 34 22 78 56 23 86 99 56 99 36 14 34 8 13 10 38 87 36 43 57 73 51 73 23 69 42 6 90 20 3 44 29 58 51 40 48 63 45 17 72 83 50 25 20 72 16 72 5 77 50 27 83 38 41 65 39 85 27 91 65 53 60 24 16 37 20 54 29 4 21 58 96 3 28 73 37 87 100 40 72 60 47 75 40 8 25 98 63 
42 25 81 10 84 5 48 44 83 23 33 23 51 10 53 71 23 67 18 55 64 13 26 21 27 75 17 58 46 27 100 1 19 40 79 76 69 65 40 56 100 54 24 1 70 55 92 97 59 98 21 83 82 59 82 97 60 25 41 11 25 96 94 65 27 94 59 61 100 60 53 2 45 16 57 16 8 53 95 77 42 21 55 19 51 69 66 29 44 49 55 99 27 98 1 86 69 55 3 48 
55 76 28 55 100 68 1 100 12 90 28 87 19 73 61 27 79 28 3 99 33 98 70 2 27 60 62 75 30 100 31 61 58 65 35 94 97 22 86 14 23 36 20 2 8 26 48 11 100 72 63 31 87 25 31 49 12 59 65 70 94 60 82 79 9 18 29 93 90 49 15 47 2 64 10 57 47 27 6 94 4 55 70 15 32 98 33 10 20 20 3 73 6 24 65 36 51 10 97 8 
49 37 23 42 54 60 28 55 89 91 13 74 18 37 95 73 9 45 26 20 19 77 92 27 31 43 71 55 59 4 8 98 49 20 38 26 65 84 9 82 97 52 7 84 42 9 46 49 23 41 10 29 23 32 69 69 25 54 35 19 68 61 53 36 85 33 96 98 88 86 15 76 39 81 54 21 18 11 95 79 93 56 99 14 29 6 93 24 63 96 47 78 39 96 24 21 97 25 75 26 
59 25 54 98 78 29 12 46 70 92 80 91 52 45 63 55 60 43 18 95 67 86 40 71 1 1 44 3 52 2 89 81 95 8 75 29 94 56 82 14 81 10 56 60 11 83 85 31 19 21 92 59 64 43 23 76 40 92 27 7 82 19 36 92 29 29 86 61 66 45 99 59 86 97 21 12 27 59 90 37 59 69 72 70 39 46 16 76 96 66 40 38 19 26 56 57 9 14 36 8 
29 54 41 13 88 98 58 26 88 81 29 68 83 17 94 70 86 68 48 33 88 70 59 99 99 12 13 40 7 64 100 95 34 43 6 96 4 8 82 16 38 29 82 8 97 55 95 54 11 29 50 80 3 3 27 81 17 35 13 15 47 65 20 28 13 60 1 5 91 72 96 48 37 16 37 51 33 29 4 62 93 2 10 38 64 90 28 82 47 44 31 1 61 13 63 82 93 68 80 67 
16 40 86 12 20 1 9 10 96 47 73 80 97 42 14 5 71 22 16 32 11 20 88 3 59 65 23 75 15 1 82 53 37 31 90 2 33 3 26 63 74 73 31 44 58 79 63 8 63 41 70 63 2 88 11 26 36 57 23 62 98 38 76 10 62 33 74 43 66 14 91 21 37 100 8 17 28 31 25 28 96 24 23 84 83 69 19 12 30 43 99 94 53 63 32 64 45 75 77 25 
92 5 87 8 96 79 55 11 69 90 48 70 29 52 10 86 84 33 11 79 83 39 74 25 39 22 94 55 20 80 29 4 22 96 77 57 12 80 46 100 71 4 6 15 2 33 83 28 94 36 69 56 34 69 80 62 28 9 88 62 40 50 91 2 80 89 7 53 21 36 96 53 93 73 74 41 55 46 62 91 44 47 56 84 74 19 67 6 80 76 46 47 47 35 80 94 25 3 73 63 
33 78 2 81 32 98 34 38 6 62 100 9 73 86 83 90 26 30 61 61 32 53 94 59 93 60 93 73 61 40 21 28 75 81 70 99 17 18 16 65 27 18 13 51 63 24 88 45 71 28 77 90 52 86 70 61 74 38 40 83 64 84 1 34 96 13 7 54 35 31 83 72 31 2 63 71 17 62 88 68 23 67 52 12 9 3 39 3 99 53 33 48 57 76 22 34 72 32 18 72 
82 5 87 82 16 19 74 12 39 57 100 81 11 32 53 21 29 63 39 13 85 96 53 34 30 52 16 1 89 54 45 81 68 45 12 24 28 50 72 47 81 82 14 43 51 3 95 98 28 93 99 63 27 90 90 8 54 70 28 96 53 12 27 33 83 43 28 13 62 72 96 36 99 38 74 92 16 61 82 100 80 32 66 32 58 5 13 60 83 85 17 88 32 65 25 15 3 9 76 66 
77 52 28 31 18 9 87 82 87 15 6 7 59 10 5 99 70 59 66 96 82 70 45 80 99 48 7 39 30 88 7 7 13 71 29 5 79 100 66 17 53 59 42 88 80 5 80 97 54 22 68 93 13 99 88 99 51 82 74 98 50 100 39 13 18 55 42 11 74 59 72 49 39 54 37 12 58 68 93 83 89 23 57 46 100 36 75 32 7 69 19 67 37 88 56 25 75 6 19 21 
57 11 98 38 92 45 30 92 77 11 15 79 98 21 25 18 35 41 17 84 32 89 68 23 45 96 87 28 28 39 80 62 67 14 30 62 63 15 99 41 82 9 88 8 87 41 33 99 93 25 67 17 17 1 40 57 53 90 76 95 43 96 83 43 15 27 3 58 66 77 26 39 100 4 53 49 81 59 99 92 2 11 95 17 72 39 21 81 80 59 79 72 93 100 59 2 24 12 42 34 
67 66 67 81 99 44 63 84 68 21 23 46 92 5 8 32 75 64 33 14 3 85 74 69 10 40 34 40 91 18 27 51 44 6 69 34 94 18 37 60 52 86 40 31 74 20 56 19 16 50 28 60 63 18 19 67 58 61 7 19 26 43 17 42 83 30 95 99 93 1 31 7 75 41 93 66 4 64 33 3 63 42 89 39 47 80 23 43 3 87 58 60 71 11 21 81 35 48 25 32 
16 47 64 33 68 93 65 100 59 97 59 54 6 3 96 76 36 49 82 75 42 48 53 15 92 9 89 61 55 9 51 55 52 27 41 67 45 58 64 46 43 88 72 32 96 5 4 40 7 25 80 72 81 42 36 62 94 1 17 9 77 33 59 18 53 8 48 7 29 63 93 84 62 60 62 67 4 40 2 56 31 52 15 53 29 65 54 56 6 14 52 99 79 31 41 21 79 91 32 74 
38 8 98 13 83 23 8 19 4 19 84 91 63 73 23 75 75 79 24 35 6 72 86 62 39 42 27 2 95 4 21 41 23 62 94 48 22 52 100 44 1 87 60 51 61 80 17 50 76 81 31 16 14 6 35 88 44 61 50 82 41 10 68 85 4 88 15 50 25 61 89 93 35 68 32 33 81 38 29 97 8 44 30 65 88 28 75 30 38 7 60 45 3 66 98 78 1 61 96 41 
72 38 36 53 18 75 17 27 91 42 82 46 17 99 26 85 16 13 93 90 89 9 17 68 2 97 78 15 25 99 2 30 29 17 97 37 87 62 6 53 30 38 12 47 39 94 60 45 58 71 66 10 96 42 92 13 12 68 40 78 36 80 86 97 39 74 70 43 55 69 33 9 24 42 34 88 54 46 43 59 82 3 42 60 50 70 5 81 1 61 35 32 91 64 83 15 11 73 35 85 
71 53 97 81 24 84 96 79 65 57 79 34 59 6 65 91 76 8 73 47 100 79 77 56 19 95 61 86 86 51 57 84 16 12 72 15 37 84 28 55 16 24 37 6 62 82 10 22 74 58 37 87 51 40 18 60 38 32 60 70 32 7 47 34 75 5 91 22 95 77 65 51 72 47 87 42 51 53 39 28 83 89 1 22 1 26 84 89 11 45 42 68 37 12 12 52 73 9 95 92 
37 79 34 49 30 45 35 81 2 99 95 36 14 74 6 1 80 2 30 49 86 12 57 44 85 68 75 14 29 69 63 75 30 16 50 62 28 39 79 84 16 52 50 22 38 13 90 56 66 81 37 26 27 38 25 14 42 30 34 56 59 22 58 57 27 61 32 79 15 66 17 12 30 43 63 17 9 95 58 18 75 92 9 68 29 70 26 52 60 36 24 62 21 97 74 14 54 59 100 34 
93 13 79 1 34 50 27 4 40 92 93 100 100 41 3 34 99 92 43 55 40 15 15 48 89 39 36 65 23 35 87 5 36 72 70 80 52 13 64 76 50 85 33 53 7 10 98 26 43 30 70 76 91 17 82 20 23 61 51 26 87 51 67 2 48 84 35 54 51 18 58 43 18 57 32 40 63 70 80 89 54 75 67 71 96 5 76 22 54 98 21 82 6 55 59 57 72 2 81 99 
35 44 27 13 99 24 47 75 65 77 59 24 81 75 47 60 61 23 45 29 40 60 68 6 56 51 14 51 39 55 55 2 16 44 16 54 46 78 36 59 40 11 95 25 68 72 7 11 72 79 70 3 28 26 54 60 24 75 52 53 99 54 8 12 39 32 46 75 49 82 76 78 18 47 48 87 88 24 60 45 95 45 52 90 31 21 67 63 15 88 38 19 4 58 40 67 74 100 15 23 
60 82 59 5 45 66 13 21 1 14 88 78 52 32 57 88 100 82 48 46 53 66 72 98 89 99 47 29 66 44 95 28 75 93 61 36 17 51 7 26 89 100 34 16 60 47 83 85 77 43 36 39 57 6 81 24 65 34 10 40 66 91 7 73 32 25 1 74 46 32 59 85 58 74 63 72 18 55 40 32 41 36 46 30 8 27 10 48 99 26 10 51 41 10 65 8 42 35 4 10 
31 99 1 90 37 4 66 76 6 42 4 44 30 72 76 43 53 20 79 32 97 56 24 43 6 23 39 13 54 38 27 50 90 76 22 59 11 25 81 28 40 26 52 94 90 14 7 49 76 77 54 49 22 41 87 6 44 35 95 61 85 67 91 30 72 77 52 73 21 84 80 54 31 26 40 46 11 2 18 70 38 47 93 13 61 71 58 100 69 84 100 98 40 7 12 11 37 88 97 80 
99 97 96 92 47 82 81 34 19 77 64 59 21 45 59 5 85 88 38 11 40 37 63 67 63 45 65 20 84 67 5 2 21 96 61 40 24 95 83 54 20 80 16 82 61 92 32 88 1 48 27 5 83 88 77 35 75 29 23 23 53 54 84 37 70 70 9 65 70 80 47 12 33 41 58 39 94 1 78 66 100 96 5 50 62 9 19 42 94 12 39 95 60 6 80 8 30 1 55 96 
9 40 35 24 52 85 57 77 32 34 13 7 49 51 87 96 50 36 22 56 52 72 31 39 45 20 37 59 61 88 35 79 64 83 88 26 82 3 52 40 37 69 29 98 71 49 57 10 5 4 67 61 36 59 82 31 76 34 12 75 27 53 24 39 42 61 50 85 64 33 83 33 34 59 30 67 12 16 36 18 29 35 73 22 47 19 59 73 12 10 20 99 84 57 11 50 13 38 68 3 
7 11 19 36 77 80 97 4 92 26 32 34 64 26 41 37 94 37 6 13 26 16 61 67 13 95 64 64 70 69 25 90 46 3 65 56 60 66 3 20 21 37 64 3 31 92 90 32 76 1 54 20 87 48 82 61 25 53 52 79 55 35 50 51 31 54 8 75 39 69 17 55 96 82 67 49 33 80 6 90 39 48 39 76 100 7 57 37 73 76 39 67 46 4 36 6 19 73 24 44 
29 12 70 25 49 3 30 62 67 68 86 85 36 40 65 78 54 16 99 29 83 88 70 61 70 15 24 100 21 67 55 84 95 49 28 42 71 90 94 54 19 89 61 70 23 92 92 48 20 88 27 75 7 98 17 66 11 74 65 54 22 44 27 17 9 27 40 77 18 47 24 26 82 28 98 78 60 17 55 81 42 76 25 25 54 40 95 90 33 98 54 22 46 25 31 100 43 11 52 83 
36 26 2 83 35 52 22 71 66 83 95 81 85 99 82 19 98 36 47 83 24 7 86 49 40 88 71 82 25 31 98 28 83 24 93 10 85 34 46 2 18 87 38 48 33 28 17 20 38 69 46 5 99 97 61 85 58 61 4 3 52 20 14 73 94 61 70 55 22 69 97 23 77 36 97 42 94 46 98 69 59 100 88 52 22 38 65 75 73 15 10 70 21 48 43 16 3 49 35 87 
99 62 91 47 1 35 48 8 92 62 11 42 88 40 71 30 86 59 66 70 5 40 20 71 88 55 41 91 64 65 71 36 22 83 97 29 38 16 29 24 36 89 43 50 82 56 60 82 33 97 64 52 40 44 63 35 18 78 22 89 8 84 79 59 35 50 38 88 2 81 48 78 1 19 60 54 66 55 10 83 87 61 54 38 75 29 76 82 74 43 48 100 1 66 46 1 76 17 18 27 
93 33 42 20 9 89 67 38 1 90 78 39 24 88 55 2 27 78 16 56 53 3 35 31 70 70 64 66 78 15 23 90 99 3 99 80 51 57 2 42 44 71 7 14 9 52 32 43 3 16 93 32 55 37 20 10 43 22 63 93 88 14 83 87 78 83 23 82 19 59 5 55 74 58 5 86 57 23 23 18 11 96 67 39 26 17 32 99 62 56 40 89 49 9 66 81 80 74 90 27 
92 21 73 15 52 57 30 57 65 80 3 70 24 5 71 13 16 80 92 84 91 23 99 32 62 89 89 37 33 9 1 7 85 65 32 53 29 72 91 39 10 20 97 70 76 27 54 49 65 54 19 41 93 22 29 57 1 64 22 55 80 59 80 13 32 49 80 22 34 83 97 93 93 71 49 90 2 8 39 46 47 64 58 69 74 22 10 96 13 52 8 51 89 66 57 87 99 1 63 81 
25 19 23 96 62 70 89 88 73 28 65 65 29 39 6 49 67 37 6 17 86 39 56 21 4 13 6 95 99 16 86 73 29 63 93 93 77 92 75 2 48 72 44 96 23 70 87 27 76 54 66 71 69 25 12 41 24 10 58 59 12 86 27 96 60 80 27 32 3 8 71 88 27 6 62 5 60 36 86 58 92 48 15 86 21 74 67 51 16 30 98 27 86 39 30 12 9 9 20 82 
63 22 23 35 86 14 39 20 41 61 28 65 32 31 95 44 48 37 59 9 22 34 70 92 67 31 13 32 43 11 62 48 33 10 77 51 85 25 91 79 78 67 82 30 93 44 26 2 46 86 39 52 12 5 61 90 99 23 47 49 93 80 48 50 17 46 77 20 44 77 20 86 63 74 82 44 83 10 10 85 92 88 30 47 89 92 96 73 77 55 92 51 49 60 40 17 32 85 32 39 
81 3 41 28 8 92 17 60 65 86 90 8 53 74 91 12 28 91 75 83 34 81 69 77 59 70 75 17 29 94 70 38 17 63 68 3 86 39 100 45 90 89 1 15 6 70 79 58 11 63 78 94 3 9 53 89 28 58 74 98 32 13 83 60 21 50 64 84 83 96 50 4 72 34 24 66 76 83 18 71 42 1 79 31 83 13 80 24 59 46 80 24 64 46 30 80 30 96 84 8 
33 44 69 46 26 1 33 65 24 75 20 65 85 96 95 72 29 90 10 1 58 79 6 9 82 91 5 56 37 45 2 63 56 52 32 87 15 3 100 94 19 7 16 13 64 41 67 78 5 68 7 65 52 80 14 74 12 85 29 43 42 53 1 35 25 40 34 1 91 47 84 77 3 11 29 67 90 25 22 77 10 33 66 73 43 20 33 44 28 8 16 51 94 6 2 80 50 10 95 90 
