100 100
12 10 75 82 7 45 72 98 53 7 72 98 90 28 17 21 93 28 57 29 27 50 91 7 65 67 17 2 40 78 54 39 55 23 59 6 77 83 49 25 91 18 32 95 5 81 49 56 99 79 54 12 41 72 11 100 66 43 36 12 71 79 12 42 96 61 48 81 40 7 35 2 74 17 89 97 7 48 3 69 85 62 70 31 49 29 93 6 47 71 82 57 67 100 47 52 37 11 12 83 
34 59 13 59 4 93 32 55 49 39 21 9 32 9 26 59 61 38 28 61 84 4 48 28 47 8 56 11 50 87 61 68 87 78 86 14 95 75 93 87 14 85 80 7 7 83 97 15 69 30 48 4 50 100 99 53 23 52 49 45 10 71 85 42 17 49 12 52 32 74 91 78 36 82 98 21 71 67 39 67 33 7 28 82 24 97 5 9 43 42 11 39 26 65 94 41 61 22 15 58 
48 62 85 40 37 74 21 49 49 21 10 12 55 78 91 99 25 58 38 39 80 79 42 31 32 15 14 35 92 49 63 61 52 69 99 34 15 62 52 13 58 51 14 75 72 8 18 83 25 53 49 100 59 44 62 39 13 75 8 84 64 94 56 96 26 68 86 27 59 59 8 88 71 51 80 26 51 80 88 38 41 71 13 36 42 21 87 25 49 83 32 90 61 81 62 48 32 55 34 60 
6 77 97 2 72 71 12 96 70 27 44 22 97 47 50 21 56 99 91 89 17 21 13 88 62 39 3 89 70 88 34 50 63 34 7 68 53 64 51 70 5 100 72 54 79 88 95 14 97 85 25 56 34 78 42 80 26 88 34 99 31 17 88 57 94 38 98 76 12 37 45 77 58 9 22 17 59 17 62 37 12 98 2 39 89 21 13 56 46 76 35 68 86 74 76 4 75 53 4 87 
7 77 39 78 91 51 78 96 7 83 68 19 13 97 40 66 93 17 34 85 13 23 33 66 36 61 57 20 48 62 51 8 84 34 1 80 75 12 66 50 3 30 88 68 31 59 18 78 50 69 38 4 41 66 5 66 24 4 53 49 76 75 94 71 39 49 43 10 92 30 47 68 29 40 74 26 42 79 20 28 49 35 96 19 49 17 68 36 47 32 11 68 10 20 1 78 33 17 45 63 
91 72 99 55 2 62 6 54 43 81 86 81 73 96 81 39 39 50 86 24 89 73 51 73 3 29 11 64 16 85 12 31 22 31 22 99 37 41 67 84 87 23 90 54 47 33 23 95 43 72 53 76 89 51 26 34 2 27 29 62 15 52 82 91 85 30 68 81 13 53 25 17 58 80 70 48 72 41 53 54 60 38 92 59 83 22 73 52 51 3 27 87 66 72 30 61 86 45 28 84 
39 61 51 6 64 28 82 18 59 94 1 13 73 59 29 14 64 96 66 24 62 87 87 28 60 85 80 70 48 69 36 48 100 39 35 26 92 52 93 70 59 18 96 8 5 21 26 62 66 40 63 68 22 86 53 61 10 43 81 81 61 29 21 2 67 97 42 14 23 64 13 36 21 40 3 37 87 11 51 74 100 29 31 57 39 39 94 45 3 65 7 94 8 28 53 83 31 35 71 46 
89 55 4 59 67 45 79 43 84 24 42 96 50 34 53 55 29 46 11 47 15 72 34 55 98 44 79 89 98 12 80 36 79 13 19 24 82 52 95 91 44 36 23 5 21 19 21 44 81 94 61 33 1 13 41 56 47 32 9 39 97 61 62 10 53 26 13 67 100 84 20 85 37 83 27 7 72 4 50 87 75 94 69 1 30 8 19 84 40 35 87 40 98 56 39 40 26 49 80 36 
62 34 35 81 16 37 64 67 43 26 64 23 69 31 17 81 64 35 56 3 4 85 26 5 80 51 83 30 46 91 100 12 11 69 99 58 45 52 92 61 28 34 73 12 92 18 84 18 9 33 3 10 19 49 63 28 26 33 66 53 9 15 66 10 53 74 61 57 59 1 64 74 15 67 57 93 53 77 69 86 63 68 95 28 41 1 35 54 61 62 62 97 61 16 66 10 34 95 31 85 
11 11 17 79 51 54 8 41 55 89 65 64 76 9 56 61 50 27 44 40 98 98 95 23 2 8 48 2 74 13 3 9 42 22 66 60 89 57 99 68 90 73 35 97 82 13 71 32 51 73 96 63 42 12 46 71 71 21 50 67 46 40 83 93 83 79 57 27 92 62 43 74 80 67 36 21 8 53 28 90 7 44 61 10 22 76 45 64 25 78 99 33 56 93 20 37 28 18 12 42 
65 82 55 19 75 31 8 100 10 41 67 42 87 36 51 100 87 44 60 21 5 9 43 95 17 4 65 76 96 40 22 76 50 66 100 97 91 43 24 36 45 44 96 95 67 89 23 66 23 56 82 62 19 29 54 12 3 39 96 14 5 13 20 60 51 28 30 4 53 48 61 23 44 90 35 49 40 12 33 58 28 38 31 44 76 15 21 54 62 4 20 77 47 58 43 34 46 36 45 19 
37 81 11 24 48 31 60 82 85 46 61 31 11 40 74 6 6 25 68 18 75 89 48 99 78 75 66 38 75 68 57 38 42 58 67 1 63 98 68 41 33 39 9 87 7 68 36 85 24 96 92 81 55 64 73 46 98 2 11 7 83 86 92 3 19 20 60 2 92 71 47 39 68 66 17 75 60 82 92 22 67 92 70 30 76 42 93 36 47 100 75 43 13 27 31 40 50 90 85 3 
67 46 52 57 41 13 50 16 35 76 83 83 86 50 42 5 64 30 40 56 24 4 46 39 6 27 64 2 55 44 23 6 1 11 35 76 13 85 31 9 56 19 72 54 72 10 94 58 75 97 82 61 47 20 57 80 8 6 25 10 25 15 81 76 47 80 83 3 94 13 29 22 61 85 28 49 9 86 91 2 17 4 15 43 97 13 66 33 74 9 74 71 88 85 71 76 29 11 75 67 
77 27 27 86 28 57 95 68 54 52 18 72 6 97 64 55 6 96 56 36 42 30 1 77 38 1 78 13 1 75 46 100 36 43 84 37 30 40 66 52 81 61 3 40 35 62 30 35 67 24 87 41 44 52 34 21 30 27 29 93 13 100 2 84 28 61 57 63 42 38 11 24 66 49 73 51 35 42 23 21 46 86 1 29 66 25 11 39 81 28 79 31 46 47 33 2 5 45 69 77 
39 14 92 93 29 72 12 94 76 24 6 88 93 70 47 34 67 39 20 36 78 46 53 81 52 45 56 40 72 14 48 31 61 15 55 84 8 77 6 71 20 13 95 24 86 75 57 82 77 40 61 8 82 32 12 42 48 38 44 15 79 5 12 85 2 85 62 60 45 7 55 10 75 25 90 12 31 33 100 92 68 90 40 39 39 79 94 82 59 30 1 26 25 82 78 25 75 74 5 90 
35 14 69 34 67 81 55 39 41 56 79 5 47 90 4 53 71 83 10 47 33 38 72 9 72 29 27 74 53 27 71 20 39 94 66 96 13 16 68 73 83 40 2 28 96 15 5 30 33 54 68 50 71 60 36 87 72 86 93 85 29 52 94 97 14 10 70 39 6 72 76 5 7 36 77 36 99 30 64 16 79 63 74 87 92 93 44 77 8 35 72 74 55 64 63 93 77 35 14 93 
26 38 78 90 24 43 19 49 8 64 100 69 49 8 13 25 79 52 76 38 44 7 13 15 24 79 87 69 12 48 56 39 51 7 27 40 84 45 39 32 83 33 88 15 11 75 50 28 37 67 8 21 23 31 11 32 10 30 6 86 80 49 59 65 7 56 31 73 1 4 49 28 95 66 20 1 100 92 91 76 21 18 51 17 17 6 60 96 85 29 62 78 14 45 73 38 63 36 12 59 
60 79 85 32 44 71 72 98 20 49 58 88 71 9 23 60 56 57 52 88 21 57 27 10 41 22 19 75 52 100 53 14 70 63 34 31 6 16 16 59 50 73 56 75 81 20 19 60 88 59 91 55 51 2 42 30 49 73 13 3 51 64 48 95 48 93 40 37 55 79 96 21 17 46 21 82 12 27 87 83 86 57 79 9 11 99 74 40 59 75 25 69 4 42 18 7 90 82 74 26 
99 70 31 74 83 24 81 43 34 73 79 53 30 18 19 9 8 97 1 7 1 11 83 81 31 94 35 98 95 16 40 44 58 35 9 8 5 55 27 8 33 60 31 98 25 10 22 28 12 68 67 76 66 68 3 16 51 68 43 34 72 78 18 59 19 82 68 7 60 5 26 50 85 63 92 98 15 52 99 9 9 67 82 76 30 99 60 45 64 48 27 12 71 97 2 100 38 43 89 44 
4 86 91 42 89 66 87 22 94 20 26 42 86 12 58 38 10 88 54 10 11 33 18 54 17 68 34 83 28 82 16 7 22 80 83 3 80 36 48 82 15 6 69 5 52 70 10 70 20 77 47 90 89 51 51 65 61 100 93 25 95 81 88 100 31 71 65 28 90 25 17 100 18 79 12 83 70 97 71 5 42 96 77 95 99 59 61 43 20 60 82 31 61 59 64 6 48 17 90 22 
73 83 51 49 38 77 65 3 82 51 73 79 60 7 54 11 87 48 71 54 35 80 99 9 63 82 17 18 3 39 68 22 75 54 24 96 12 52 93 65 45 14 87 47 99 78 94 69 41 56 23 82 63 89 87 92 21 59 21 36 29 69 52 40 13 64 4 18 37 76 16 63 31 57 13 40 21 32 43 59 98 2 33 37 53 75 23 86 22 78 31 75 25 56 12 74 58 56 45 86 
16 97 93 37 62 70 75 70 22 14 37 98 27 23 85 25 3 86 18 78 8 63 85 52 33 11 72 62 44 72 83 6 10 83 52 50 68 55 78 32 82 17 17 30 58 21 74 2 43 72 68 79 74 50 9 78 44 25 25 9 40 2 2 59 70 20 67 49 88 30 56 77 96 35 68 17 54 91 79 9 26 14 21 48 8 42 94 18 91 50 10 84 62 5 98 92 18 97 6 84 
82 97 66 25 81 22 86 52 94 83 96 80 16 29 37 90 95 68 79 60 25 55 8 48 67 88 48 44 100 91 5 56 74 55 18 44 87 63 48 19 75 64 53 92 41 86 7 54 71 70 85 51 17 100 48 54 8 26 89 85 47 19 100 74 87 64 56 97 43 76 35 4 23 47 80 7 88 22 51 55 13 92 67 22 23 100 10 40 13 32 26 27 97 80 24 25 83 98 83 47 
62 34 36 100 45 90 37 69 63 78 3 39 56 10 36 45 21 95 86 58 100 83 68 84 59 27 81 100 48 69 59 18 28 56 79 35 37 53 75 91 51 87 99 87 78 21 13 92 40 33 55 3 48 65 97 8 18 51 31 69 73 62 12 27 2 2 30 61 13 67 72 76 79 54 76 83 57 50 53 64 68 97 22 22 13 2 30 3 86 92 78 57 39 4 69 86 59 60 87 35 
58 40 34 23 36 65 21 58 63 100 5 14 3 86 35 41 74 69 17 32 27 52 72 5 65 72 20 96 18 66 87 61 2 4 80 42 35 24 85 99 8 9 53 88 22 61 85 17 72 69 72 62 64 63 73 70 84 61 29 85 41 90 37 87 38 38 95 37 86 26 97 86 73 25 57 33 18 9 97 61 9 89 33 60 18 48 71 88 66 36 52 76 65 33 56 99 24 83 39 67 
82 69 94 10 87 13 20 99 12 80 1 26 82 45 61 78 94 14 63 51 25 64 92 97 75 33 66 62 90 22 33 62 55 62 79 12 73 36 90 75 15 41 25 2 63 18 20 93 77 7 19 86 46 31 15 5 6 75 2 25 58 64 22 85 57 15 75 54 81 69 23 100 41 56 37 35 98 77 65 66 82 54 25 14 74 86 54 87 67 22 87 63 92 55 44 84 3 31 12 30 
24 13 4 44 40 27 27 91 17 79 40 92 98 11 92 69 82 11 94 83 1 69 10 6 84 48 54 46 100 43 75 83 41 97 60 8 83 82 3 73 76 30 38 3 60 8 89 42 94 92 29 31 8 44 82 67 22 11 73 16 68 31 21 82 34 60 34 14 68 62 55 62 60 54 32 16 31 89 66 24 99 8 67 89 50 31 19 91 59 75 6 78 22 48 45 71 53 14 49 40 
77 1 25 82 85 31 28 38 47 44 4 10 8 41 41 25 25 41 51 98 87 41 59 95 98 76 35 30 74 27 87 83 57 51 40 62 51 32 14 67 84 7 4 9 62 57 15 5 62 40 16 29 68 21 2 22 19 46 50 92 13 20 35 77 21 4 18 86 33 22 9 53 12 97 90 9 95 27 16 68 4 46 40 35 62 60 82 37 37 12 17 13 33 49 63 19 1 33 98 75 
72 3 67 5 67 33 1 75 69 60 92 8 97 79 83 56 39 52 82 32 53 66 8 22 38 66 55 57 98 76 9 86 6 100 83 17 94 97 10 14 6 13 63 5 19 42 53 84 55 8 24 36 93 96 12 89 44 6 44 86 56 92 99 47 7 61 71 2 36 56 40 95 7 62 50 11 39 67 94 34 92 51 15 87 50 26 34 98 49 55 9 18 79 32 83 26 41 71 48 11 
21 49 60 39 25 14 34 18 88 60 36 12 20 5 28 85 70 52 37 31 93 86 54 45 71 28 46 40 23 37 64 71 42 2 10 40 38 50 78 24 32 31 89 34 76 8 52 31 84 11 30 81 45 17 73 4 91 88 10 98 70 86 94 57 85 40 21 93 97 83 93 7 84 35 76 75 63 69 13 74 87 84 40 48 41 21 95 73 46 57 39 38 65 87 86 46 12 33 39 18 
9 30 24 25 79 18 65 5 26 69 91 50 32 92 61 75 99 57 76 44 69 25 75 30 27 43 91 100 19 74 79 92 43 65 6 36 52 69 51 55 33 6 31 88 58 98 99 77 42 100 87 85 7 40 47 35 17 44 12 15 82 62 64 59 13 49 38 9 38 23 38 49 73 64 75 60 70 27 68 66 89 12 79 67 28 92 38 4 56 31 28 86 99 85 91 94 72 49 53 18 
44 53 65 9 99 79 62 3 11 51 93 58 6 100 14 56 67 39 15 41 70 62 48 90 26 3 90 12 64 90 7 38 49 49 29 10 31 95 8 26 10 34 86 3 56 44 61 1 35 9 59 92 32 31 96 92 44 67 91 1 95 69 100 70 24 2 54 50 71 67 55 19 53 30 90 56 82 91 2 30 8 17 95 14 43 38 92 41 93 39 72 73 62 46 87 56 56 73 100 48 
12 36 40 82 70 98 11 69 2 96 73 80 82 1 72 26 17 46 20 53 55 8 79 75 44 25 74 15 45 16 98 49 24 55 4 29 83 1 63 25 36 56 53 51 86 67 77 69 76 72 93 74 87 33 5 38 14 83 89 92 87 59 39 55 49 7 28 48 67 71 67 13 49 63 45 88 52 45 74 92 20 89 7 29 97 38 13 56 53 65 23 46 96 22 54 84 72 76 36 74 
13 56 2 25 88 72 65 47 89 10 99 61 29 1 10 50 3 40 100 43 81 7 100 10 84 81 20 41 54 28 10 75 11 57 58 59 2 33 62 81 33 9 81 77 2 64 59 16 49 87 16 7 53 61 4 51 90 29 98 37 96 51 66 43 97 57 76 28 16 84 94 46 9 46 15 13 52 63 92 93 79 23 22 25 75 30 42 99 61 37 28 85 70 84 53 64 37 90 24 40 
15 64 21 87 90 19 54 88 15 16 81 50 99 17 47 53 55 27 87 79 51 60 43 67 52 82 12 44 53 71 33 75 85 88 56 87 3 67 5 93 21 87 100 56 27 93 91 40 47 41 51 66 77 95 82 94 83 89 92 80 22 65 12 88 49 60 6 87 19 13 46 32 17 57 43 16 70 68 63 82 81 82 20 31 78 67 92 40 34 100 58 76 100 92 79 7 73 39 77 90 
76 35 31 70 84 54 34 22 77 9 52 77 25 1 76 18 8 38 81 12 43 40 89 32 94 51 27 4 63 17 14 71 22 7 84 62 17 40 99 24 98 60 28 59 47 82 84 48 8 48 96 57 41 66 40 77 5 12 78 92 56 66 50 94 56 89 95 60 59 49 82 68 99 53 74 92 78 7 76 84 73 71 47 77 84 97 78 76 80 18 20 18 23 47 27 23 28 81 9 99 
61 60 93 68 27 74 79 74 2 38 81 29 25 65 97 94 25 40 77 40 14 14 85 18 82 39 75 77 86 82 87 24 17 60 26 71 30 30 29 54 53 7 72 14 43 51 25 16 61 91 13 35 99 16 54 59 58 89 81 4 17 27 65 16 92 67 44 23 32 13 87 68 23 25 92 82 92 33 100 82 90 69 76 64 35 38 100 29 42 66 33 90 67 5 39 3 98 1 10 31 
24 82 6 4 50 5 89 64 35 24 80 12 74 32 6 7 19 13 98 23 48 68 11 68 78 100 9 90 18 16 40 83 10 49 34 68 88 76 35 77 39 55 3 86 83 26 65 91 33 63 6 98 18 12 85 75 31 83 67 90 42 9 78 45 44 75 89 64 13 81 5 65 62 15 86 45 97 59 29 27 61 64 93 7 81 87 66 30 85 72 2 34 4 89 62 3 60 39 32 46 
74 22 40 98 75 66 85 54 33 70 69 5 29 60 81 95 32 20 49 17 30 67 6 73 38 76 63 41 25 9 21 82 50 3 2 23 14 37 80 44 42 38 3 12 51 29 75 73 44 74 1 60 29 33 87 78 30 38 96 7 59 7 21 15 88 93 19 58 56 93 28 52 29 78 3 47 1 100 38 62 76 9 58 16 51 27 95 98 26 70 71 15 93 30 43 53 55 80 94 26 
25 55 79 40 56 81 54 93 51 6 4 80 95 26 54 61 94 54 39 24 15 19 40 31 16 58 84 76 56 26 5 78 87 39 37 44 20 65 16 98 28 23 22 73 99 62 76 60 52 81 89 31 76 16 40 59 82 49 71 7 14 68 80 100 9 25 100 38 83 87 59 89 72 73 8 92 69 45 8 100 67 39 83 7 7 66 54 97 92 56 85 58 21 79 39 55 26 70 69 42 
99 28 24 53 47 72 92 52 87 19 62 69 8 23 85 78 45 39 51 12 29 3 49 74 65 75 17 97 84 62 89 33 84 86 20 13 32 64 42 80 50 1 64 8 80 18 12 45 59 31 40 72 10 4 1 26 30 46 66 74 10 39 13 45 27 54 67 96 82 98 66 46 96 38 27 92 40 58 10 40 72 46 75 79 74 12 78 24 60 57 90 53 80 75 18 63 88 77 7 95 
78 90 94 14 96 53 75 7 76 46 23 25 65 43 50 58 65 52 28 64 52 13 69 43 83 84 21 13 67 95 34 30 1 11 85 68 71 66 26 39 61 44 6 21 96 5 44 98 76 87 56 45 34 69 23 22 59 80 91 13 71 49 39 89 21 52 16 10 84 70 7 36 53 32 41 33 8 100 61 46 17 22 78 98 64 75 85 29 94 49 3 60 46 19 62 75 4 79 89 84 
89 34 29 29 62 2 4 63 63 36 67 75 57 29 77 24 29 82 28 90 20 26 48 65 75 34 96 86 73 64 58 23 66 51 66 97 56 28 42 29 88 69 33 65 93 18 66 88 69 2 32 82 3 59 74 87 3 52 86 44 40 31 34 48 10 58 83 96 80 23 18 1 97 5 44 84 68 46 1 77 74 20 83 25 80 69 8 84 63 99 4 48 11 4 14 63 23 19 62 42 
19 34 31 87 72 21 29 69 36 72 99 86 32 88 55 9 58 39 38 54 8 9 75 98 40 59 53 44 55 31 20 30 15 47 57 2 21 57 68 70 1 78 84 32 26 4 89 97 56 95 81 39 12 87 33 54 1 13 40 7 11 99 39 56 78 66 92 37 73 87 4 59 27 65 93 82 59 72 41 39 87 75 86 83 23 18 64 67 67 43 63 51 64 7 73 8 11 92 92 36 
17 56 42 84 33 72 17 64 75 51 37 99 8 33 96 45 73 9 25 8 25 32 61 28 45 38 15 49 36 29 52 40 8 94 85 82 78 74 100 17 47 15 19 77 25 93 38 40 16 82 63 58 61 39 34 50 93 27 41 100 91 24 76 75 38 20 66 32 45 1 82 94 4 36 25 18 98 7 76 55 44 7 40 91 71 48 92 2 56 5 33 6 85 17 2 28 70 18 82 94 
52 82 3 6 56 97 2 3 29 67 76 84 41 59 27 9 88 29 53 69 28 56 14 90 35 92 64 77 69 86 38 4 70 46 25 50 33 88 55 58 52 70 40 45 62 73 92 73 61 100 96 62 98 95 54 55 47 56 54 49 63 99 37 67 61 56 27 9 72 98 85 3 74 26 10 72 37 84 31 91 89 47 99 31 3 64 75 60 50 7 42 50 6 64 38 85 82 73 49 94 
19 70 79 51 36 76 76 12 14 38 49 52 99 87 85 70 85 81 38 95 15 25 75 55 33 7 81 58 26 96 68 55 37 27 50 6 100 25 46 34 94 96 14 81 84 17 11 65 33 87 14 26 45 78 86 60 54 47 58 100 87 54 50 77 89 39 66 50 57 52 24 93 92 32 6 72 43 51 12 55 38 30 44 5 23 28 13 65 17 11 85 24 69 46 17 82 74 5 75 32 
89 97 46 50 78 30 100 43 17 65 47 26 43 50 6 63 26 39 57 44 28 7 29 58 31 27 15 60 81 47 31 44 27 86 82 12 43 26 25 52 87 24 7 84 38 72 47 19 98 52 68 92 14 19 65 88 81 8 88 27 87 43 17 86 32 47 82 54 59 87 25 20 11 42 18 28 37 74 38 4 14 60 45 51 58 13 52 3 77 2 25 23 9 70 22 63 65 30 14 69 
100 18 52 54 83 55 37 4 61 32 67 78 71 10 81 40 83 68 3 53 22 51 19 13 20 99 51 82 11 8 33 16 42 68 80 59 28 87 10 90 84 29 72 80 29 66 99 1 41 41 37 66 75 97 91 97 30 78 79 41 44 85 68 38 40 47 29 68 50 44 69 62 100 42 21 52 82 36 3 50 97 56 19 81 14 62 58 24 54 61 3 50 99 86 16 5 78 56 62 31 
33 36 25 68 34 69 49 15 57 58 41 61 91 9 1 28 16 14 94 2 66 68 71 20 51 16 29 16 8 10 48 73 10 30 53 32 47 9 41 83 75 1 9 28 93 75 80 16 98 19 27 99 65 43 13 42 15 41 44 8 49 79 67 59 43 79 59 87 53 44 87 2 99 84 60 30 95 85 73 70 87 45 61 39 66 13 20 11 83 58 28 4 60 89 16 51 38 86 15 65 
63 17 93 73 70 69 86 5 70 31 86 46 54 48 1 29 34 99 10 61 81 29 79 33 44 50 96 47 34 36 84 38 98 35 87 29 63 91 57 80 93 20 18 39 10 11 44 32 9 13 77 57 68 86 50 73 90 12 81 78 66 97 84 75 81 72 38 78 70 72 38 14 11 53 38 26 27 92 32 35 22 75 91 16 83 96 41 90 88 82 84 33 1 93 17 100 42 80 97 51 
49 15 37 48 57 50 78 54 89 34 48 48 8 85 18 20 93 57 65 74 65 77 7 45 40 7 87 96 25 12 97 25 46 49 25 13 40 24 85 58 49 87 67 95 29 72 68 96 78 30 86 46 14 2 46 48 89 80 21 2 48 16 67 17 91 97 57 6 87 18 6 55 71 73 50 45 11 19 1 32 20 91 38 79 6 4 43 55 41 12 65 43 58 82 42 22 79 83 67 76 
87 86 48 52 11 64 93 76 13 95 38 23 90 18 23 31 18 84 3 21 92 1 90 49 64 5 73 34 90 51 55 19 13 50 76 65 18 99 90 15 35 18 32 15 42 95 96 90 76 54 52 1 99 83 27 64 15 78 43 28 17 34 84 56 66 64 61 47 14 97 61 77 97 24 56 66 13 23 85 100 8 64 77 73 45 7 23 98 75 78 65 39 5 62 34 82 49 7 76 27 
56 67 99 23 30 8 31 70 27 87 84 73 98 57 21 77 32 9 25 45 24 47 7 41 97 60 86 1 51 58 92 95 43 99 60 42 79 34 49 21 9 100 78 82 4 28 78 77 92 23 21 25 15 93 59 61 55 40 13 8 48 17 38 79 25 100 44 51 27 7 39 62 79 89 9 46 44 42 34 99 56 100 48 16 15 45 81 11 13 4 52 29 69 39 70 72 50 78 10 24 
20 25 55 30 47 43 53 99 1 80 17 6 57 33 27 96 67 67 47 33 18 59 49 50 38 21 92 34 61 77 50 69 100 46 100 98 60 75 66 11 97 19 83 12 74 55 34 78 58 74 36 37 35 53 65 82 70 12 48 60 5 70 31 85 58 71 18 40 14 93 44 92 43 69 47 43 15 77 20 22 73 68 66 51 63 32 92 97 94 78 83 13 62 33 89 34 98 22 7 6 
95 30 29 29 93 99 70 96 25 2 28 96 70 49 49 24 54 56 94 81 57 20 34 97 21 25 80 55 70 61 23 95 7 25 83 15 57 5 74 83 56 62 45 26 79 81 12 90 91 96 14 25 40 31 12 11 44 93 42 78 8 28 63 15 89 12 76 57 63 74 11 15 87 68 89 24 55 1 65 6 8 60 22 46 66 4 70 34 83 67 53 77 38 95 77 64 27 35 46 66 
15 64 38 11 40 34 6 2 93 59 41 26 46 14 42 18 46 40 90 99 26 98 15 28 11 37 29 43 99 47 83 57 31 9 80 67 98 84 23 73 78 74 7 69 32 19 40 85 73 82 50 43 91 19 22 100 12 68 54 80 45 45 54 89 60 3 92 26 98 9 22 6 53 88 47 47 15 54 66 16 75 100 43 9 26 1 35 8 22 30 17 67 32 23 87 77 7 20 83 20 
66 48 76 2 11 40 80 24 62 17 44 53 33 5 19 68 85 52 27 32 79 57 60 55 98 32 50 47 88 2 16 3 61 20 21 86 70 88 53 99 12 24 42 81 75 63 28 16 65 31 8 77 44 59 36 3 77 38 85 31 69 85 70 60 94 31 9 93 58 50 82 11 88 30 8 79 80 39 63 48 74 62 80 15 51 76 97 21 85 12 50 87 96 42 19 2 24 57 64 75 
56 84 58 17 25 83 9 10 49 28 26 61 27 82 12 31 79 87 3 83 61 50 68 38 39 62 54 25 38 41 44 5 27 2 29 97 42 60 51 63 40 99 13 97 97 70 77 65 49 40 75 76 12 58 70 100 28 40 24 98 72 68 82 4 71 95 65 73 5 62 24 44 21 76 48 38 78 50 100 55 90 61 17 5 9 9 50 60 84 12 66 64 53 72 38 90 6 67 94 37 
2 53 35 29 57 39 23 21 30 62 56 25 86 61 27 35 26 37 56 38 94 63 33 13 54 6 19 66 83 16 65 42 65 90 56 85 50 38 39 75 29 10 26 37 6 93 29 95 19 56 63 73 57 71 86 1 95 53 15 38 59 10 18 76 86 56 90 42 20 82 56 80 25 73 47 29 65 47 95 76 53 34 55 17 74 34 1 41 17 20 76 32 95 99 13 48 85 63 70 44 
36 34 94 1 78 60 53 55 18 69 3 57 13 61 9 99 35 69 3 94 45 77 99 64 54 16 83 7 13 9 87 13 16 4 58 36 49 92 57 68 74 100 55 40 60 13 34 73 34 97 62 57 69 94 79 83 46 29 2 72 47 54 19 10 59 3 25 79 21 24 28 87 68 94 84 29 65 25 94 67 53 28 69 5 99 15 98 61 7 9 15 54 58 58 79 43 12 54 33 86 
17 76 29 49 73 78 61 49 76 11 19 33 80 44 14 25 85 11 83 46 60 48 32 20 58 58 80 96 38 44 57 57 8 50 60 20 44 22 48 97 9 83 15 15 77 38 79 38 25 79 1 11 57 20 23 26 51 91 26 4 9 89 72 16 68 12 27 28 30 53 58 60 47 49 61 37 90 1 43 14 93 9 51 4 44 63 2 9 78 43 63 5 79 96 25 16 30 85 97 5 
91 45 58 68 98 83 35 78 6 8 99 13 92 58 32 1 60 2 55 21 76 47 56 58 38 33 5 32 6 19 73 60 64 54 18 29 14 52 49 22 92 71 83 80 39 25 61 4 13 49 8 19 69 25 97 16 19 94 19 44 88 11 20 14 63 34 94 21 82 61 19 93 36 26 44 28 88 81 15 56 22 28 80 41 99 87 27 19 47 16 35 21 1 76 42 26 6 68 16 98 
49 68 62 55 58 74 1 79 17 77 57 52 9 83 40 11 76 28 62 43 2 67 98 79 50 62 100 64 62 93 80 27 75 74 58 27 31 79 36 9 86 48 5 79 78 37 47 36 81 73 58 72 100 60 2 88 82 63 46 96 56 42 11 5 50 68 23 14 88 78 68 56 86 88 3 39 30 72 53 20 100 19 78 47 12 35 16 77 59 81 3 66 27 14 66 20 40 21 4 70 
48 42 16 66 69 14 20 68 88 82 11 87 16 34 28 32 82 71 24 76 5 8 19 67 2 38 37 44 72 72 92 61 52 39 72 66 43 9 76 52 20 38 46 62 32 46 64 51 75 8 9 34 95 48 57 8 21 89 12 31 40 15 29 19 2 27 11 16 34 50 33 97 35 17 77 97 59 15 89 28 46 21 41 34 10 60 29 49 20 74 6 95 69 39 85 22 26 84 28 28 
48 61 100 82 17 83 41 94 82 83 11 21 90 27 84 32 68 44 92 19 72 85 35 71 18 82 91 65 53 74 16 10 98 74 40 33 56 40 17 80 24 64 35 28 29 61 73 41 57 48 24 89 29 79 87 10 4 3 49 30 6 78 96 14 57 97 39 95 17 12 54 45 77 92 54 76 3 98 74 28 69 40 55 21 46 92 23 67 6 29 21 41 26 12 23 70 32 85 33 21 
72 88 66 93 42 2 39 31 96 17 29 64 95 67 34 68 9 86 73 25 77 21 70 92 3 77 78 8 26 93 48 75 83 50 57 33 82 53 46 11 16 20 14 56 53 4 11 12 72 89 19 56 24 35 80 55 70 51 85 98 51 7 58 51 26 76 20 91 89 18 3 83 38 74 82 74 76 81 54 30 53 3 98 94 1 41 16 90 83 41 80 24 64 2 87 75 79 54 11 36 
58 71 68 64 52 52 53 27 34 29 77 56 67 1 12 94 3 44 76 73 90 81 100 30 76 72 66 56 91 81 41 58 53 73 44 23 25 57 95 70 60 97 51 43 69 57 78 26 51 61 74 75 59 51 50 30 85 11 83 84 43 70 49 6 40 65 100 60 84 47 99 84 52 93 18 87 86 30 33 24 92 66 21 69 88 96 80 20 85 1 32 9 44 85 97 68 99 81 74 63 
93 24 15 56 6 55 30 89 20 68 66 15 71 59 13 87 53 32 15 84 19 65 88 74 49 5 91 76 82 28 32 89 85 77 39 56 54 57 3 64 18 81 50 75 12 87 74 20 74 19 100 38 63 26 100 17 95 40 84 89 55 31 98 62 60 39 71 44 84 3 39 60 33 54 36 26 78 48 98 89 51 55 31 6 90 65 41 7 44 52 57 64 78 39 16 14 56 50 15 92 
79 53 93 77 89 39 77 84 96 63 15 39 14 44 87 26 38 32 57 2 85 72 47 50 37 52 24 29 93 8 93 90 69 13 45 60 99 46 100 5 93 80 50 26 94 97 64 83 73 34 26 27 90 55 19 73 98 22 3 52 46 79 46 11 25 53 31 66 28 96 30 6 98 26 98 57 55 53 94 75 21 78 26 94 14 85 24 31 58 54 87 97 100 17 12 24 19 97 12 34 
21 50 64 68 69 16 69 73 24 21 52 26 68 47 31 89 76 95 36 28 78 48 60 38 22 8 58 49 43 74 54 60 73 17 81 59 10 38 77 93 13 16 76 33 97 76 52 46 74 26 49 13 90 89 84 98 43 51 69 41 81 72 13 16 46 3 82 37 58 19 10 67 34 79 4 13 32 79 62 79 27 72 33 63 9 46 70 6 36 98 76 98 54 80 51 64 53 1 40 49 
88 64 50 45 43 29 25 87 69 62 80 1 92 44 55 15 17 16 67 40 96 78 74 24 54 73 59 30 3 57 56 41 32 52 39 50 29 76 52 86 69 31 35 70 13 68 71 65 99 39 37 96 71 33 92 17 59 99 74 21 64 99 42 9 27 47 54 53 13 91 82 74 9 30 76 30 12 41 14 67 14 24 45 65 67 28 26 14 92 37 33 20 74 79 33 2 31 81 70 71 
67 33 74 42 52 16 96 24 14 12 65 85 59 2 69 40 27 18 66 97 82 37 5 35 82 58 94 99 13 54 28 34 91 3 6 10 86 91 76 11 52 31 88 55 79 38 85 43 28 100 8 49 26 25 49 39 13 59 80 25 12 15 92 16 12 4 44 37 43 74 35 26 100 24 91 80 79 96 73 50 61 91 19 88 64 92 42 63 66 2 7 51 3 24 74 16 89 33 100 68 
79 66 17 57 53 40 12 31 41 91 99 79 85 13 16 23 97 100 60 22 11 41 72 13 54 24 92 11 83 79 35 84 72 32 99 18 1 83 34 76 46 9 55 78 10 14 69 73 91 69 28 49 25 63 64 54 72 52 48 66 78 18 79 48 17 62 43 90 58 86 49 92 15 46 90 30 29 73 57 58 31 84 86 80 76 61 32 37 61 58 67 15 44 65 41 91 60 28 75 68 
60 78 98 20 20 35 89 79 70 100 39 32 85 43 5 79 92 75 70 25 91 86 58 87 67 2 54 61 49 97 79 18 56 59 28 34 34 45 52 30 47 37 67 79 83 35 97 56 47 67 68 95 80 14 53 73 6 94 30 15 54 6 94 70 84 91 16 82 83 18 77 51 76 8 67 37 7 79 73 82 58 94 76 77 2 48 31 10 89 80 59 53 19 2 46 76 45 2 10 66 
85 75 47 10 29 13 98 17 24 56 72 82 76 2 87 5 23 46 52 23 66 7 17 81 59 57 96 88 55 67 60 21 38 98 10 55 78 53 31 20 5 33 78 10 60 51 83 76 69 71 39 59 40 21 2 65 25 98 87 13 38 36 49 78 96 62 92 79 13 28 86 91 44 48 30 21 13 9 65 82 89 28 15 91 82 84 33 32 73 80 3 3 35 61 84 17 48 11 15 59 
74 81 29 90 59 44 87 98 47 57 43 66 39 56 54 96 65 41 96 83 26 26 43 3 11 36 64 15 17 63 98 61 93 97 73 15 33 29 25 83 45 31 94 5 64 9 100 82 62 81 71 11 87 53 60 95 94 52 84 75 64 95 27 69 97 35 30 35 5 47 90 38 76 21 57 19 22 50 78 50 53 64 68 88 56 12 87 66 45 94 12 2 2 37 65 97 85 94 51 41 
33 78 82 74 95 18 23 32 24 39 72 52 73 81 84 67 1 37 92 74 62 7 88 39 63 92 91 31 95 53 85 40 48 32 39 2 40 85 18 92 79 31 74 65 61 58 42 40 79 77 62 40 13 3 24 39 69 40 73 89 86 24 55 94 89 86 50 26 55 82 8 72 45 52 1 89 1 20 69 82 35 42 2 84 2 58 26 9 94 70 84 41 71 49 22 14 10 19 89 80 
70 65 94 84 33 28 80 55 10 61 26 26 23 15 99 98 92 13 21 27 2 48 16 87 31 44 16 18 87 55 11 79 24 94 65 68 16 91 50 54 84 15 48 47 50 55 2 63 45 5 83 71 94 60 55 28 59 2 76 28 90 97 45 80 43 59 82 69 84 38 72 38 28 42 64 93 29 76 59 46 75 65 46 16 33 75 18 89 33 28 81 11 60 38 30 14 97 79 98 42 
34 99 50 57 5 41 10 14 47 99 23 4 71 63 1 50 72 32 52 61 54 69 96 38 81 96 14 94 3 61 93 80 58 38 31 8 66 13 33 44 27 57 10 54 18 89 38 12 54 19 3 73 44 37 4 19 90 71 76 74 100 89 81 38 79 94 12 88 93 74 27 76 4 20 2 48 98 91 77 71 72 52 61 34 25 56 11 51 50 58 53 40 84 34 85 27 43 93 78 8 
1 67 59 100 25 74 34 98 40 7 92 94 40 11 52 83 95 67 12 46 19 71 46 51 67 62 58 26 42 37 68 1 87 70 26 81 22 54 65 42 21 32 54 76 88 42 58 38 36 34 92 40 60 37 20 40 56 15 85 98 78 89 1 70 85 33 1 63 84 31 86 51 44 94 42 98 80 28 25 27 20 40 69 99 59 87 41 36 84 6 97 16 12 66 35 6 12 97 2 78 
62 63 2 14 30 71 58 68 21 92 10 19 84 90 50 63 25 49 69 46 82 44 63 2 48 7 94 34 36 9 63 39 7 93 40 28 63 87 31 70 85 66 3 75 55 35 18 70 27 6 27 9 16 5 34 95 46 2 2 42 73 2 63 46 100 97 74 7 37 17 38 23 52 10 92 63 69 63 54 91 29 90 36 48 56 8 59 64 86 28 67 95 64 17 49 49 76 66 96 66 
39 78 65 72 3 22 15 6 81 85 59 16 40 39 86 85 27 29 80 37 82 7 87 86 63 71 77 28 1 68 86 4 61 45 85 60 46 81 81 78 8 10 63 49 31 54 64 70 50 40 34 89 21 11 77 21 41 75 2 6 65 50 7 12 85 6 83 40 75 58 60 68 34 38 93 97 23 63 53 24 13 59 77 72 98 50 43 65 31 60 27 72 96 23 20 37 41 57 68 62 
22 30 19 68 12 21 24 19 24 69 91 40 65 23 85 88 70 35 28 14 59 93 32 95 50 20 67 5 56 58 79 70 31 97 66 90 80 90 63 59 92 17 90 51 90 90 72 45 77 23 72 34 28 48 54 57 46 59 26 49 96 4 36 74 91 89 64 94 75 92 20 97 100 13 39 95 79 28 54 30 72 68 1 64 78 79 82 84 42 84 26 69 38 15 85 17 90 88 2 3 
38 47 12 19 53 14 67 19 93 13 79 56 4 95 86 13 5 14 65 24 55 6 35 33 75 20 48 99 36 10 1 43 59 78 3 47 32 95 5 60 36 76 63 2 15 73 35 28 28 61 100 8 60 94 51 61 5 86 19 21 9 68 58 11 72 54 79 97 57 21 26 38 32 26 37 62 61 63 95 84 13 13 23 83 41 74 76 59 59 84 63 10 9 69 23 24 37 18 47 10 
72 95 92 62 96 2 64 82 54 56 24 52 84 43 15 4 47 91 30 12 46 98 32 79 74 9 85 1 39 3 88 25 87 45 88 70 1 45 34 98 11 38 49 22 92 23 43 66 32 92 14 21 14 20 22 11 6 63 79 56 48 45 70 51 39 53 17 93 71 20 64 13 69 97 69 83 58 41 97 51 82 43 67 23 61 88 51 55 76 92 64 22 34 69 38 16 54 10 94 59 
50 6 58 22 93 82 14 80 37 12 85 40 11 53 49 53 71 89 97 6 15 39 93 22 31 4 46 61 54 53 54 26 94 52 62 41 42 65 5 87 88 39 44 11 8 90 12 75 17 43 90 92 12 75 36 5 29 41 23 99 58 37 90 37 59 53 77 47 51 71 79 91 8 100 20 67 10 19 15 11 89 84 29 48 15 52 83 53 39 86 44 98 8 96 3 5 43 71 66 57 
17 57 31 48 18 85 69 41 98 72 18 55 82 52 61 67 76 98 61 22 55 50 1 58 8 83 19 26 19 97 23 31 33 29 11 53 79 60 18 72 58 78 70 82 32 32 66 2 54 17 94 34 74 100 53 22 47 58 96 7 40 86 35 39 90 64 19 58 14 54 35 61 41 81 97 21 65 87 49 25 80 46 35 51 19 17 43 14 86 49 90 100 25 79 46 27 34 99 10 85 
59 57 10 55 79 93 96 7 46 59 35 67 22 7 23 44 37 92 94 2 81 52 58 33 28 24 44 83 65 62 72 67 50 56 21 7 11 16 98 37 82 61 32 84 32 1 72 22 20 84 41 34 30 78 34 50 75 93 24 73 48 99 16 25 2 90 51 96 56 80 31 54 59 11 80 93 64 100 36 33 90 63 18 11 57 41 48 86 39 60 10 67 20 25 97 11 76 31 94 71 
51 28 99 91 52 13 4 41 18 10 60 81 96 11 78 24 32 93 1 62 83 40 59 5 91 57 92 77 94 94 2 45 10 45 61 46 74 46 4 64 14 31 31 37 45 88 84 54 78 16 70 63 71 65 25 13 51 38 86 39 90 96 61 25 59 53 45 10 49 17 24 9 70 12 90 98 29 63 6 63 22 32 69 37 89 27 50 40 93 47 97 65 78 5 100 95 91 24 64 35 
82 36 26 28 33 71 39 71 25 89 21 43 70 35 92 59 62 94 80 22 99 42 32 82 19 91 9 43 41 45 93 17 58 61 60 39 86 16 61 90 39 75 99 49 18 34 52 78 80 19 13 58 20 9 24 9 12 62 63 49 12 29 91 72 36 49 50 45 6 84 41 12 99 74 46 37 31 90 55 55 53 31 93 54 34 1 12 47 40 36 16 17 35 44 78 61 1 73 15 46 
50 6 12 53 80 46 83 5 84 32 15 14 9 27 50 21 41 37 87 75 53 63 89 83 2 39 64 35 1 48 50 39 54 14 4 56 87 22 24 31 78 37 45 8 4 85 44 52 69 13 83 13 94 21 42 72 54 91 71 79 18 67 56 53 89 72 60 33 75 65 47 24 6 61 45 62 45 50 16 69 7 61 87 46 56 75 71 7 34 34 65 75 92 35 79 62 33 35 22 44 
8 37 61 30 95 87 74 21 66 82 51 11 78 59 86 95 47 20 42 86 52 32 16 98 64 66 52 33 38 5 25 61 95 57 12 96 91 32 27 46 88 32 50 76 98 98 13 97 13 12 7 39 78 55 79 48 43 74 66 11 3 79 55 35 43 83 13 97 52 26 34 4 80 74 68 13 5 63 62 76 63 18 8 93 10 51 3 33 25 79 24 82 48 17 31 3 57 88 37 26 
69 13 40 69 23 100 2 81 46 16 77 29 78 50 54 53 51 27 90 52 64 10 97 8 46 24 10 22 54 41 33 16 80 36 74 65 94 6 10 28 53 90 17 78 4 27 18 53 86 48 28 4 26 29 85 14 98 48 64 4 21 59 48 82 36 16 95 46 48 51 41 70 74 15 31 21 70 60 35 75 68 30 54 31 84 7 90 24 21 52 61 52 56 89 60 37 82 57 15 42 
19 50 77 14 68 34 93 34 87 2 59 29 47 35 57 58 42 49 90 17 78 78 53 22 79 46 12 13 94 55 35 90 39 98 78 79 94 36 11 74 95 79 75 14 5 30 66 58 5 86 11 65 17 87 74 12 53 42 71 94 99 77 7 57 94 93 94 67 18 11 78 1 47 79 44 36 26 15 20 69 93 31 88 44 99 76 15 49 32 69 60 89 96 11 49 41 90 93 3 13 
10 60 60 32 88 94 97 5 12 28 10 8 23 74 4 4 11 61 10 76 10 91 57 60 71 98 78 56 89 82 82 44 83 69 65 25 66 27 70 6 28 79 28 81 99 81 11 99 20 57 14 20 69 78 15 10 97 15 19 77 33 54 81 49 81 90 12 73 56 24 22 24 47 58 1 8 24 63 73 54 88 77 90 11 71 48 82 77 21 3 27 23 23 12 73 96 15 93 63 55 
48 69 45 40 61 80 24 6 38 100 39 93 13 2 50 90 53 11 4 24 70 77 86 71 92 21 97 86 60 67 20 30 91 53 97 85 63 32 2 71 14 60 97 1 82 21 91 46 25 93 19 38 86 99 96 23 70 61 4 70 66 53 43 12 43 97 81 85 36 71 22 55 84 51 97 68 54 38 32 28 17 51 71 69 55 47 76 65 57 3 25 75 13 9 19 1 52 32 55 65 
53 65 44 36 9 57 89 18 86 46 64 65 23 52 92 35 71 64 100 96 56 2 2 76 38 68 27 79 39 14 39 67 3 29 77 57 4 79 21 48 61 34 38 44 78 17 52 94 42 18 25 21 26 32 2 70 45 2 16 94 5 41 81 58 53 49 98 84 51 46 1 69 49 30 50 90 5 2 35 38 95 32 36 78 43 8 61 35 33 98 54 21 62 73 72 15 16 64 97 48 
25 100 91 77 70 86 39 42 2 72 72 67 76 29 9 85 33 62 5 25 68 48 83 16 93 81 99 83 96 66 67 9 42 60 2 48 99 85 7 23 48 20 96 18 58 27 37 35 35 35 24 77 63 56 94 65 35 85 3 76 17 93 16 68 66 26 73 19 98 71 60 26 2 51 14 71 47 40 52 100 65 23 98 69 22 71 69 24 78 10 50 42 36 62 95 40 19 88 40 58 
94 11 14 23 51 3 49 34 7 65 29 83 75 100 11 15 47 19 12 22 91 18 85 27 23 56 45 66 60 53 30 4 59 39 28 59 77 76 1 58 66 31 24 60 78 35 56 71 21 89 85 46 31 37 94 31 72 20 55 89 7 32 24 61 18 86 83 23 75 24 12 60 21 91 6 77 54 97 20 28 57 21 16 92 99 78 62 17 85 14 95 19 24 36 23 92 41 31 58 10 
